  <NXUSTREAM2>
    <NxuPhysicsCollection id="saves/save007/tv_center/tv_center_00.xml" sdkVersion="272" nxuVersion="103">
      <NxPhysicsSDKDesc id="SDK"/>
      <NxSceneDesc id="Scene_0">
        <NxGroupsMask id="groupMask0"/>
        <NxGroupsMask id="groupMask1"/>
        <NxSceneLimits id="limits"/>
        <NxActorDesc id="Actor_0" userProperties="_castType_2_objType_2_objIndex_0" hasBody="true" name="CracksType">
          <globalPose>0.65668124 -0.754167795 -0.000884563  0.000029176 -0.001147553 0.999999404  -0.754168272 -0.656680942 -0.000731602  140.582122803 4.74715519 328.989349365</globalPose>
          <NxBodyDesc id="body">
            <massLocalPose>0.999481916 -0.022721235 -0.022794999  0.030130688 0.909534097 0.414535731  0.011314064 -0.4150078 0.909747481  0.176999986 0.180999994 0.007999999</massLocalPose>
            <massSpaceInertia>0.105635986 1.116043329 1.155040503</massSpaceInertia>
            <mass>20</mass>
            <wakeUpCounter>0</wakeUpCounter>
            <maxAngularVelocity>7</maxAngularVelocity>
            <sleepLinearVelocity>0.150000006</sleepLinearVelocity>
            <sleepAngularVelocity>0.140000001</sleepAngularVelocity>
          </NxBodyDesc>
          <group>2</group>
          <NxBoxShapeDesc dimensions="0.344999999 0.07 0.07">
            <NxShapeDesc>
              <localPose>1 0 0  0 1 0  0 0 1  0.252999991 0.206999987 0</localPose>
              <group>14</group>
              <materialIndex>14</materialIndex>
              <skinWidth>0.025</skinWidth>
              <NxGroupsMask id="groupsMask"/>
            </NxShapeDesc>
          </NxBoxShapeDesc>
          <NxBoxShapeDesc dimensions="0.07 0.07 0.091999993">
            <NxShapeDesc>
              <localPose>0.99862951 0.042340681 0.030762307  -0.000000002 0.587785304 -0.809017003  -0.052335963 0.807908237 0.586979747  0.252999991 0.103499994 0.045999996</localPose>
              <group>14</group>
              <materialIndex>14</materialIndex>
              <skinWidth>0.025</skinWidth>
              <NxGroupsMask id="groupsMask"/>
            </NxShapeDesc>
          </NxBoxShapeDesc>
          <NxBoxShapeDesc dimensions="0.07 0.07 0.091999993">
            <NxShapeDesc>
              <localPose>0.000000154 -0.121869333 0.992546141  0.000000015 0.992546201 0.121869333  -0.99999994 0.000000007 0.000000179  -0.183999985 0.160999998 0</localPose>
              <group>14</group>
              <materialIndex>14</materialIndex>
              <skinWidth>0.025</skinWidth>
              <NxGroupsMask id="groupsMask"/>
            </NxShapeDesc>
          </NxBoxShapeDesc>
        </NxActorDesc>
        <NxActorDesc id="Actor_1" userProperties="_castType_2_objType_2_objIndex_2" hasBody="true" name="CracksType">
          <globalPose>0.764508963 -0.644613028 -0.000554174  -0.000006557 -0.000867814 1  -0.644613266 -0.764508963 -0.000667758  132.79737854 4.523033142 321.109283447</globalPose>
          <NxBodyDesc id="body">
            <massLocalPose>0.999481916 -0.022721235 -0.022794999  0.030130688 0.909534097 0.414535731  0.011314064 -0.4150078 0.909747481  0.176999986 0.180999994 0.007999999</massLocalPose>
            <massSpaceInertia>0.105635986 1.116043329 1.155040503</massSpaceInertia>
            <mass>20</mass>
            <wakeUpCounter>0</wakeUpCounter>
            <maxAngularVelocity>7</maxAngularVelocity>
            <sleepLinearVelocity>0.150000006</sleepLinearVelocity>
            <sleepAngularVelocity>0.140000001</sleepAngularVelocity>
          </NxBodyDesc>
          <group>2</group>
          <NxBoxShapeDesc dimensions="0.344999999 0.07 0.07">
            <NxShapeDesc>
              <localPose>1 0 0  0 1 0  0 0 1  0.252999991 0.206999987 0</localPose>
              <group>14</group>
              <materialIndex>14</materialIndex>
              <skinWidth>0.025</skinWidth>
              <NxGroupsMask id="groupsMask"/>
            </NxShapeDesc>
          </NxBoxShapeDesc>
          <NxBoxShapeDesc dimensions="0.07 0.07 0.091999993">
            <NxShapeDesc>
              <localPose>0.99862951 0.042340681 0.030762307  -0.000000002 0.587785304 -0.809017003  -0.052335963 0.807908237 0.586979747  0.252999991 0.103499994 0.045999996</localPose>
              <group>14</group>
              <materialIndex>14</materialIndex>
              <skinWidth>0.025</skinWidth>
              <NxGroupsMask id="groupsMask"/>
            </NxShapeDesc>
          </NxBoxShapeDesc>
          <NxBoxShapeDesc dimensions="0.07 0.07 0.091999993">
            <NxShapeDesc>
              <localPose>0.000000154 -0.121869333 0.992546141  0.000000015 0.992546201 0.121869333  -0.99999994 0.000000007 0.000000179  -0.183999985 0.160999998 0</localPose>
              <group>14</group>
              <materialIndex>14</materialIndex>
              <skinWidth>0.025</skinWidth>
              <NxGroupsMask id="groupsMask"/>
            </NxShapeDesc>
          </NxBoxShapeDesc>
        </NxActorDesc>
        <NxActorDesc id="Actor_2" userProperties="_castType_2_objType_2_objIndex_3" hasBody="true" name="CracksType">
          <globalPose>0.538928688 0.001736684 -0.84234941  0.000058676 -0.999997258 -0.002024169  -0.842351198 0.001041457 -0.538927019  123.073982239 3.226785898 313.676696777</globalPose>
          <NxBodyDesc id="body">
            <massLocalPose>0.999479294 -0.022951759 -0.022679247  0.030187614 0.91335398 0.406045824  0.011394713 -0.406519026 0.913571298  0.153913036 0.157391295 0.006956522</massLocalPose>
            <massSpaceInertia>0.094405629 0.853197098 0.881403148</massSpaceInertia>
            <mass>20</mass>
            <wakeUpCounter>0</wakeUpCounter>
            <maxAngularVelocity>7</maxAngularVelocity>
            <sleepLinearVelocity>0.150000006</sleepLinearVelocity>
            <sleepAngularVelocity>0.140000001</sleepAngularVelocity>
          </NxBodyDesc>
          <group>2</group>
          <NxBoxShapeDesc dimensions="0.299999982 0.07 0.07">
            <NxShapeDesc>
              <localPose>1 0 0  0 1 0  0 0 1  0.219999999 0.179999992 0</localPose>
              <group>14</group>
              <materialIndex>14</materialIndex>
              <skinWidth>0.025</skinWidth>
              <NxGroupsMask id="groupsMask"/>
            </NxShapeDesc>
          </NxBoxShapeDesc>
          <NxBoxShapeDesc dimensions="0.07 0.07 0.079999998">
            <NxShapeDesc>
              <localPose>0.99862951 0.042340681 0.030762307  -0.000000002 0.587785304 -0.809017003  -0.052335963 0.807908237 0.586979747  0.219999999 0.089999996 0.039999999</localPose>
              <group>14</group>
              <materialIndex>14</materialIndex>
              <skinWidth>0.025</skinWidth>
              <NxGroupsMask id="groupsMask"/>
            </NxShapeDesc>
          </NxBoxShapeDesc>
          <NxBoxShapeDesc dimensions="0.07 0.07 0.079999998">
            <NxShapeDesc>
              <localPose>0.000000154 -0.121869333 0.992546141  0.000000015 0.992546201 0.121869333  -0.99999994 0.000000007 0.000000179  -0.159999996 0.140000001 0</localPose>
              <group>14</group>
              <materialIndex>14</materialIndex>
              <skinWidth>0.025</skinWidth>
              <NxGroupsMask id="groupsMask"/>
            </NxShapeDesc>
          </NxBoxShapeDesc>
        </NxActorDesc>
        <NxActorDesc id="Actor_3" userProperties="_castType_2_objType_2_objIndex_1" hasBody="true" name="CracksType">
          <globalPose>0.803735733 -0.594985843 -0.000743389  -0.000069112 -0.001342565 0.999998868  -0.59498632 -0.80373472 -0.00112015  140.722137451 4.747233391 328.42578125</globalPose>
          <NxBodyDesc id="body">
            <massLocalPose>0.999479294 -0.022951759 -0.022679247  0.030187614 0.91335398 0.406045824  0.011394713 -0.406519026 0.913571298  0.153913036 0.157391295 0.006956522</massLocalPose>
            <massSpaceInertia>0.094405629 0.853197098 0.881403148</massSpaceInertia>
            <mass>20</mass>
            <wakeUpCounter>0</wakeUpCounter>
            <maxAngularVelocity>7</maxAngularVelocity>
            <sleepLinearVelocity>0.150000006</sleepLinearVelocity>
            <sleepAngularVelocity>0.140000001</sleepAngularVelocity>
          </NxBodyDesc>
          <group>2</group>
          <NxBoxShapeDesc dimensions="0.299999982 0.07 0.07">
            <NxShapeDesc>
              <localPose>1 0 0  0 1 0  0 0 1  0.219999999 0.179999992 0</localPose>
              <group>14</group>
              <materialIndex>14</materialIndex>
              <skinWidth>0.025</skinWidth>
              <NxGroupsMask id="groupsMask"/>
            </NxShapeDesc>
          </NxBoxShapeDesc>
          <NxBoxShapeDesc dimensions="0.07 0.07 0.079999998">
            <NxShapeDesc>
              <localPose>0.99862951 0.042340681 0.030762307  -0.000000002 0.587785304 -0.809017003  -0.052335963 0.807908237 0.586979747  0.219999999 0.089999996 0.039999999</localPose>
              <group>14</group>
              <materialIndex>14</materialIndex>
              <skinWidth>0.025</skinWidth>
              <NxGroupsMask id="groupsMask"/>
            </NxShapeDesc>
          </NxBoxShapeDesc>
          <NxBoxShapeDesc dimensions="0.07 0.07 0.079999998">
            <NxShapeDesc>
              <localPose>0.000000154 -0.121869333 0.992546141  0.000000015 0.992546201 0.121869333  -0.99999994 0.000000007 0.000000179  -0.159999996 0.140000001 0</localPose>
              <group>14</group>
              <materialIndex>14</materialIndex>
              <skinWidth>0.025</skinWidth>
              <NxGroupsMask id="groupsMask"/>
            </NxShapeDesc>
          </NxBoxShapeDesc>
        </NxActorDesc>
        <NxActorDesc id="Actor_4" userProperties="_castType_2_objType_1_objIndex_50" hasBody="true" name="testActorName">
          <globalPose>-0.999999762 0 0.000000087  -0 1 -0.000000044  -0.000000087 -0.000000044 -0.999999762  94.508422852 4.631541729 175.263626099</globalPose>
          <NxBodyDesc id="body">
            <massSpaceInertia>0.004809166 0.009404303 0.004809167</massSpaceInertia>
            <mass>0.065519996</mass>
            <wakeUpCounter>0</wakeUpCounter>
            <maxAngularVelocity>7</maxAngularVelocity>
            <sleepLinearVelocity>0.150000006</sleepLinearVelocity>
            <sleepAngularVelocity>0.140000001</sleepAngularVelocity>
          </NxBodyDesc>
          <group>2</group>
          <NxBoxShapeDesc dimensions="0.649999976 0.07 0.089999996">
            <NxShapeDesc>
              <group>2</group>
              <skinWidth>0.025</skinWidth>
              <NxGroupsMask id="groupsMask"/>
            </NxShapeDesc>
          </NxBoxShapeDesc>
          <NxBoxShapeDesc dimensions="0.649999976 0.07 0.089999996">
            <NxShapeDesc>
              <localPose>0.000000179 0 0.999999881  0 1 0  -0.999999881 0 0.000000179  0 0 0</localPose>
              <group>2</group>
              <skinWidth>0.025</skinWidth>
              <NxGroupsMask id="groupsMask"/>
            </NxShapeDesc>
          </NxBoxShapeDesc>
          <dominanceGroup>2</dominanceGroup>
        </NxActorDesc>
        <NxActorDesc id="Actor_5" userProperties="_castType_2_objType_1_objIndex_51" hasBody="true" name="testActorName">
          <globalPose>-0.707106709 -0 -0.70710659  0.000000031 1 -0.000000031  0.70710659 -0.000000044 -0.707106709  94.508422852 1.829953313 175.263626099</globalPose>
          <NxBodyDesc id="body">
            <massSpaceInertia>0.004809166 0.009404303 0.004809167</massSpaceInertia>
            <mass>0.065519996</mass>
            <wakeUpCounter>0</wakeUpCounter>
            <maxAngularVelocity>7</maxAngularVelocity>
            <sleepLinearVelocity>0.150000006</sleepLinearVelocity>
            <sleepAngularVelocity>0.140000001</sleepAngularVelocity>
          </NxBodyDesc>
          <group>2</group>
          <NxBoxShapeDesc dimensions="0.649999976 0.07 0.089999996">
            <NxShapeDesc>
              <group>2</group>
              <skinWidth>0.025</skinWidth>
              <NxGroupsMask id="groupsMask"/>
            </NxShapeDesc>
          </NxBoxShapeDesc>
          <NxBoxShapeDesc dimensions="0.649999976 0.07 0.089999996">
            <NxShapeDesc>
              <localPose>0.000000179 0 0.999999881  0 1 0  -0.999999881 0 0.000000179  0 0 0</localPose>
              <group>2</group>
              <skinWidth>0.025</skinWidth>
              <NxGroupsMask id="groupsMask"/>
            </NxShapeDesc>
          </NxBoxShapeDesc>
          <dominanceGroup>2</dominanceGroup>
        </NxActorDesc>
        <NxActorDesc id="Actor_6" userProperties="_castType_2_objType_1_objIndex_52" hasBody="true" name="testActorName">
          <globalPose>-0.999999762 0 0.000000087  -0 1 -0.000000044  -0.000000087 -0.000000044 -0.999999762  97.613464355 4.631541729 175.263626099</globalPose>
          <NxBodyDesc id="body">
            <massSpaceInertia>0.004809166 0.009404303 0.004809167</massSpaceInertia>
            <mass>0.065519996</mass>
            <wakeUpCounter>0</wakeUpCounter>
            <maxAngularVelocity>7</maxAngularVelocity>
            <sleepLinearVelocity>0.150000006</sleepLinearVelocity>
            <sleepAngularVelocity>0.140000001</sleepAngularVelocity>
          </NxBodyDesc>
          <group>2</group>
          <NxBoxShapeDesc dimensions="0.649999976 0.07 0.089999996">
            <NxShapeDesc>
              <group>2</group>
              <skinWidth>0.025</skinWidth>
              <NxGroupsMask id="groupsMask"/>
            </NxShapeDesc>
          </NxBoxShapeDesc>
          <NxBoxShapeDesc dimensions="0.649999976 0.07 0.089999996">
            <NxShapeDesc>
              <localPose>0.000000179 0 0.999999881  0 1 0  -0.999999881 0 0.000000179  0 0 0</localPose>
              <group>2</group>
              <skinWidth>0.025</skinWidth>
              <NxGroupsMask id="groupsMask"/>
            </NxShapeDesc>
          </NxBoxShapeDesc>
          <dominanceGroup>2</dominanceGroup>
        </NxActorDesc>
        <NxActorDesc id="Actor_7" userProperties="_castType_2_objType_1_objIndex_53" hasBody="true" name="testActorName">
          <globalPose>-0.707106709 -0 -0.70710659  0.000000031 1 -0.000000031  0.70710659 -0.000000044 -0.707106709  97.613464355 1.829953313 175.263626099</globalPose>
          <NxBodyDesc id="body">
            <massSpaceInertia>0.004809166 0.009404303 0.004809167</massSpaceInertia>
            <mass>0.065519996</mass>
            <wakeUpCounter>0</wakeUpCounter>
            <maxAngularVelocity>7</maxAngularVelocity>
            <sleepLinearVelocity>0.150000006</sleepLinearVelocity>
            <sleepAngularVelocity>0.140000001</sleepAngularVelocity>
          </NxBodyDesc>
          <group>2</group>
          <NxBoxShapeDesc dimensions="0.649999976 0.07 0.089999996">
            <NxShapeDesc>
              <group>2</group>
              <skinWidth>0.025</skinWidth>
              <NxGroupsMask id="groupsMask"/>
            </NxShapeDesc>
          </NxBoxShapeDesc>
          <NxBoxShapeDesc dimensions="0.649999976 0.07 0.089999996">
            <NxShapeDesc>
              <localPose>0.000000179 0 0.999999881  0 1 0  -0.999999881 0 0.000000179  0 0 0</localPose>
              <group>2</group>
              <skinWidth>0.025</skinWidth>
              <NxGroupsMask id="groupsMask"/>
            </NxShapeDesc>
          </NxBoxShapeDesc>
          <dominanceGroup>2</dominanceGroup>
        </NxActorDesc>
        <NxActorDesc id="Actor_8" userProperties="_castType_2_objType_1_objIndex_54" hasBody="true" name="testActorName">
          <globalPose>-0.707106709 -0 -0.70710659  0.000000031 1 -0.000000031  0.70710659 -0.000000044 -0.707106709  82.637458801 1.829953313 175.263626099</globalPose>
          <NxBodyDesc id="body">
            <massSpaceInertia>0.004809166 0.009404303 0.004809167</massSpaceInertia>
            <mass>0.065519996</mass>
            <wakeUpCounter>0</wakeUpCounter>
            <maxAngularVelocity>7</maxAngularVelocity>
            <sleepLinearVelocity>0.150000006</sleepLinearVelocity>
            <sleepAngularVelocity>0.140000001</sleepAngularVelocity>
          </NxBodyDesc>
          <group>2</group>
          <NxBoxShapeDesc dimensions="0.649999976 0.07 0.089999996">
            <NxShapeDesc>
              <group>2</group>
              <skinWidth>0.025</skinWidth>
              <NxGroupsMask id="groupsMask"/>
            </NxShapeDesc>
          </NxBoxShapeDesc>
          <NxBoxShapeDesc dimensions="0.649999976 0.07 0.089999996">
            <NxShapeDesc>
              <localPose>0.000000179 0 0.999999881  0 1 0  -0.999999881 0 0.000000179  0 0 0</localPose>
              <group>2</group>
              <skinWidth>0.025</skinWidth>
              <NxGroupsMask id="groupsMask"/>
            </NxShapeDesc>
          </NxBoxShapeDesc>
          <dominanceGroup>2</dominanceGroup>
        </NxActorDesc>
        <NxActorDesc id="Actor_9" userProperties="_castType_2_objType_1_objIndex_55" hasBody="true" name="testActorName">
          <globalPose>-0.707106709 -0 -0.70710659  0.000000031 1 -0.000000031  0.70710659 -0.000000044 -0.707106709  85.742500305 1.829953313 175.263626099</globalPose>
          <NxBodyDesc id="body">
            <massSpaceInertia>0.004809166 0.009404303 0.004809167</massSpaceInertia>
            <mass>0.065519996</mass>
            <wakeUpCounter>0</wakeUpCounter>
            <maxAngularVelocity>7</maxAngularVelocity>
            <sleepLinearVelocity>0.150000006</sleepLinearVelocity>
            <sleepAngularVelocity>0.140000001</sleepAngularVelocity>
          </NxBodyDesc>
          <group>2</group>
          <NxBoxShapeDesc dimensions="0.649999976 0.07 0.089999996">
            <NxShapeDesc>
              <group>2</group>
              <skinWidth>0.025</skinWidth>
              <NxGroupsMask id="groupsMask"/>
            </NxShapeDesc>
          </NxBoxShapeDesc>
          <NxBoxShapeDesc dimensions="0.649999976 0.07 0.089999996">
            <NxShapeDesc>
              <localPose>0.000000179 0 0.999999881  0 1 0  -0.999999881 0 0.000000179  0 0 0</localPose>
              <group>2</group>
              <skinWidth>0.025</skinWidth>
              <NxGroupsMask id="groupsMask"/>
            </NxShapeDesc>
          </NxBoxShapeDesc>
          <dominanceGroup>2</dominanceGroup>
        </NxActorDesc>
        <NxActorDesc id="Actor_10" userProperties="_castType_2_objType_1_objIndex_56" hasBody="true" name="testActorName">
          <globalPose>-0.999999762 0 0.000000087  -0 1 -0.000000044  -0.000000087 -0.000000044 -0.999999762  82.637458801 4.631541729 175.263626099</globalPose>
          <NxBodyDesc id="body">
            <massSpaceInertia>0.004809166 0.009404303 0.004809167</massSpaceInertia>
            <mass>0.065519996</mass>
            <wakeUpCounter>0</wakeUpCounter>
            <maxAngularVelocity>7</maxAngularVelocity>
            <sleepLinearVelocity>0.150000006</sleepLinearVelocity>
            <sleepAngularVelocity>0.140000001</sleepAngularVelocity>
          </NxBodyDesc>
          <group>2</group>
          <NxBoxShapeDesc dimensions="0.649999976 0.07 0.089999996">
            <NxShapeDesc>
              <group>2</group>
              <skinWidth>0.025</skinWidth>
              <NxGroupsMask id="groupsMask"/>
            </NxShapeDesc>
          </NxBoxShapeDesc>
          <NxBoxShapeDesc dimensions="0.649999976 0.07 0.089999996">
            <NxShapeDesc>
              <localPose>0.000000179 0 0.999999881  0 1 0  -0.999999881 0 0.000000179  0 0 0</localPose>
              <group>2</group>
              <skinWidth>0.025</skinWidth>
              <NxGroupsMask id="groupsMask"/>
            </NxShapeDesc>
          </NxBoxShapeDesc>
          <dominanceGroup>2</dominanceGroup>
        </NxActorDesc>
        <NxActorDesc id="Actor_11" userProperties="_castType_2_objType_1_objIndex_57" hasBody="true" name="testActorName">
          <globalPose>-0.999999762 0 0.000000087  -0 1 -0.000000044  -0.000000087 -0.000000044 -0.999999762  85.742500305 4.631541729 175.263626099</globalPose>
          <NxBodyDesc id="body">
            <massSpaceInertia>0.004809166 0.009404303 0.004809167</massSpaceInertia>
            <mass>0.065519996</mass>
            <wakeUpCounter>0</wakeUpCounter>
            <maxAngularVelocity>7</maxAngularVelocity>
            <sleepLinearVelocity>0.150000006</sleepLinearVelocity>
            <sleepAngularVelocity>0.140000001</sleepAngularVelocity>
          </NxBodyDesc>
          <group>2</group>
          <NxBoxShapeDesc dimensions="0.649999976 0.07 0.089999996">
            <NxShapeDesc>
              <group>2</group>
              <skinWidth>0.025</skinWidth>
              <NxGroupsMask id="groupsMask"/>
            </NxShapeDesc>
          </NxBoxShapeDesc>
          <NxBoxShapeDesc dimensions="0.649999976 0.07 0.089999996">
            <NxShapeDesc>
              <localPose>0.000000179 0 0.999999881  0 1 0  -0.999999881 0 0.000000179  0 0 0</localPose>
              <group>2</group>
              <skinWidth>0.025</skinWidth>
              <NxGroupsMask id="groupsMask"/>
            </NxShapeDesc>
          </NxBoxShapeDesc>
          <dominanceGroup>2</dominanceGroup>
        </NxActorDesc>
        <NxActorDesc id="Actor_12" userProperties="_castType_2_objType_1_objIndex_95" hasBody="true" name="testActorName">
          <globalPose>-0.034708381 0 -0.999397397  0 1 0  0.999397397 0 -0.034708381  93.455436707 1.5457232 120.495155334</globalPose>
          <NxBodyDesc id="body">
            <massLocalPose>1 0 0  0 1 0  0 0 1  0.037259765 1.063693047 -0.091137864</massLocalPose>
            <massSpaceInertia>483.13684082 137.898681641 409.057189941</massSpaceInertia>
            <mass>999.999938965</mass>
            <wakeUpCounter>0</wakeUpCounter>
            <maxAngularVelocity>7</maxAngularVelocity>
            <sleepLinearVelocity>0.150000006</sleepLinearVelocity>
            <sleepAngularVelocity>0.140000001</sleepAngularVelocity>
          </NxBodyDesc>
          <group>2</group>
          <NxBoxShapeDesc dimensions="0.309399992 1.063693047 0.563886225">
            <NxShapeDesc>
              <localPose>1 0 0  0 1 0  0 0 1  0.037259765 1.063693047 -0.091137856</localPose>
              <group>2</group>
              <materialIndex>15</materialIndex>
              <skinWidth>0.025</skinWidth>
              <NxGroupsMask id="groupsMask"/>
            </NxShapeDesc>
          </NxBoxShapeDesc>
          <dominanceGroup>3</dominanceGroup>
        </NxActorDesc>
        <NxActorDesc id="Actor_13" userProperties="_castType_2_objType_2_objIndex_14" hasBody="true" name="CracksType">
          <globalPose>0.742095649 -0.670293093 -0.001078874  -0.000080764 -0.001698852 0.99999845  -0.670293927 -0.742094398 -0.001314819  136.139221191 3.047133446 286.316955566</globalPose>
          <NxBodyDesc id="body">
            <massLocalPose>0.999479294 -0.022951759 -0.022679247  0.030187614 0.91335398 0.406045824  0.011394713 -0.406519026 0.913571298  0.153913036 0.157391295 0.006956522</massLocalPose>
            <massSpaceInertia>0.094405629 0.853197098 0.881403148</massSpaceInertia>
            <mass>20</mass>
            <wakeUpCounter>0</wakeUpCounter>
            <maxAngularVelocity>7</maxAngularVelocity>
            <sleepLinearVelocity>0.150000006</sleepLinearVelocity>
            <sleepAngularVelocity>0.140000001</sleepAngularVelocity>
          </NxBodyDesc>
          <group>2</group>
          <NxBoxShapeDesc dimensions="0.299999982 0.07 0.07">
            <NxShapeDesc>
              <localPose>1 0 0  0 1 0  0 0 1  0.219999999 0.179999992 0</localPose>
              <group>14</group>
              <materialIndex>14</materialIndex>
              <skinWidth>0.025</skinWidth>
              <NxGroupsMask id="groupsMask"/>
            </NxShapeDesc>
          </NxBoxShapeDesc>
          <NxBoxShapeDesc dimensions="0.07 0.07 0.079999998">
            <NxShapeDesc>
              <localPose>0.99862951 0.042340681 0.030762307  -0.000000002 0.587785304 -0.809017003  -0.052335963 0.807908237 0.586979747  0.219999999 0.089999996 0.039999999</localPose>
              <group>14</group>
              <materialIndex>14</materialIndex>
              <skinWidth>0.025</skinWidth>
              <NxGroupsMask id="groupsMask"/>
            </NxShapeDesc>
          </NxBoxShapeDesc>
          <NxBoxShapeDesc dimensions="0.07 0.07 0.079999998">
            <NxShapeDesc>
              <localPose>0.000000154 -0.121869333 0.992546141  0.000000015 0.992546201 0.121869333  -0.99999994 0.000000007 0.000000179  -0.159999996 0.140000001 0</localPose>
              <group>14</group>
              <materialIndex>14</materialIndex>
              <skinWidth>0.025</skinWidth>
              <NxGroupsMask id="groupsMask"/>
            </NxShapeDesc>
          </NxBoxShapeDesc>
        </NxActorDesc>
        <NxActorDesc id="Actor_14" userProperties="_castType_2_objType_2_objIndex_15" hasBody="true" name="CracksType">
          <globalPose>0.781641006 -0.623728514 0.000387162  -0.000123888 0.000465393 0.99999994  -0.623728633 -0.781641066 0.000286467  113.336265564 3.046823025 282.66229248</globalPose>
          <NxBodyDesc id="body">
            <massLocalPose>0.967582047 -0.163171083 0.192769721  0.12034639 0.968927801 0.216091961  -0.222039893 -0.185887575 0.957154155  0.17249997 0.056071427 0.014285713</massLocalPose>
            <massSpaceInertia>0.230871752 0.060346987 0.238580048</massSpaceInertia>
            <mass>14.999999046</mass>
            <wakeUpCounter>0</wakeUpCounter>
            <maxAngularVelocity>7</maxAngularVelocity>
            <sleepLinearVelocity>0.150000006</sleepLinearVelocity>
            <sleepAngularVelocity>0.140000001</sleepAngularVelocity>
          </NxBodyDesc>
          <group>2</group>
          <NxBoxShapeDesc dimensions="0.07 0.129999995 0.07">
            <NxShapeDesc>
              <localPose>1 0 0  0 1 0  0 0 1  0.189999998 0.089999996 0</localPose>
              <group>14</group>
              <materialIndex>16</materialIndex>
              <skinWidth>0.025</skinWidth>
              <NxGroupsMask id="groupsMask"/>
            </NxShapeDesc>
          </NxBoxShapeDesc>
          <NxBoxShapeDesc dimensions="0.07 0.07 0.07">
            <NxShapeDesc>
              <localPose>1 0 0  0 1 0  0 0 1  0.119999997 0.159999996 0</localPose>
              <group>14</group>
              <materialIndex>16</materialIndex>
              <skinWidth>0.025</skinWidth>
              <NxGroupsMask id="groupsMask"/>
            </NxShapeDesc>
          </NxBoxShapeDesc>
          <NxBoxShapeDesc dimensions="0.07 0.079999998 0.07">
            <NxShapeDesc>
              <localPose>1 0 0  0 0.819152117 0.573576391  0 -0.573576391 0.819152117  0.189999998 -0.089999996 0.049999997</localPose>
              <group>14</group>
              <materialIndex>16</materialIndex>
              <skinWidth>0.025</skinWidth>
              <NxGroupsMask id="groupsMask"/>
            </NxShapeDesc>
          </NxBoxShapeDesc>
        </NxActorDesc>
        <NxActorDesc id="Actor_15" userProperties="_castType_2_objType_2_objIndex_16" hasBody="true" name="CracksType">
          <globalPose>0.760076582 -0.649830937 -0.001831621  0.003089875 0.000795551 0.999994814  -0.649826169 -0.760078251 0.002612591  122.749427795 3.046270847 278.752471924</globalPose>
          <NxBodyDesc id="body">
            <massLocalPose>0.967582047 -0.163171083 0.192769721  0.12034639 0.968927801 0.216091961  -0.222039893 -0.185887575 0.957154155  0.17249997 0.056071427 0.014285713</massLocalPose>
            <massSpaceInertia>0.230871752 0.060346987 0.238580048</massSpaceInertia>
            <mass>14.999999046</mass>
            <wakeUpCounter>0</wakeUpCounter>
            <maxAngularVelocity>7</maxAngularVelocity>
            <sleepLinearVelocity>0.150000006</sleepLinearVelocity>
            <sleepAngularVelocity>0.140000001</sleepAngularVelocity>
          </NxBodyDesc>
          <group>2</group>
          <NxBoxShapeDesc dimensions="0.07 0.129999995 0.07">
            <NxShapeDesc>
              <localPose>1 0 0  0 1 0  0 0 1  0.189999998 0.089999996 0</localPose>
              <group>14</group>
              <materialIndex>16</materialIndex>
              <skinWidth>0.025</skinWidth>
              <NxGroupsMask id="groupsMask"/>
            </NxShapeDesc>
          </NxBoxShapeDesc>
          <NxBoxShapeDesc dimensions="0.07 0.07 0.07">
            <NxShapeDesc>
              <localPose>1 0 0  0 1 0  0 0 1  0.119999997 0.159999996 0</localPose>
              <group>14</group>
              <materialIndex>16</materialIndex>
              <skinWidth>0.025</skinWidth>
              <NxGroupsMask id="groupsMask"/>
            </NxShapeDesc>
          </NxBoxShapeDesc>
          <NxBoxShapeDesc dimensions="0.07 0.079999998 0.07">
            <NxShapeDesc>
              <localPose>1 0 0  0 0.819152117 0.573576391  0 -0.573576391 0.819152117  0.189999998 -0.089999996 0.049999997</localPose>
              <group>14</group>
              <materialIndex>16</materialIndex>
              <skinWidth>0.025</skinWidth>
              <NxGroupsMask id="groupsMask"/>
            </NxShapeDesc>
          </NxBoxShapeDesc>
        </NxActorDesc>
        <NxActorDesc id="Actor_16" userProperties="_castType_2_objType_2_objIndex_4" hasBody="true" name="CracksType">
          <globalPose>0.997456789 -0.04345797 0.056492183  -0.056500912 0.001028384 0.998402119  -0.043446627 -0.99905479 -0.001429646  123.60785675 4.253486633 308.277160645</globalPose>
          <NxBodyDesc id="body">
            <massLocalPose>0.999479294 -0.022951759 -0.022679247  0.030187614 0.91335398 0.406045824  0.011394713 -0.406519026 0.913571298  0.153913036 0.157391295 0.006956522</massLocalPose>
            <massSpaceInertia>0.094405629 0.853197098 0.881403148</massSpaceInertia>
            <mass>20</mass>
            <wakeUpCounter>0</wakeUpCounter>
            <maxAngularVelocity>7</maxAngularVelocity>
            <sleepLinearVelocity>0.150000006</sleepLinearVelocity>
            <sleepAngularVelocity>0.140000001</sleepAngularVelocity>
          </NxBodyDesc>
          <group>2</group>
          <NxBoxShapeDesc dimensions="0.299999982 0.07 0.07">
            <NxShapeDesc>
              <localPose>1 0 0  0 1 0  0 0 1  0.219999999 0.179999992 0</localPose>
              <group>14</group>
              <materialIndex>14</materialIndex>
              <skinWidth>0.025</skinWidth>
              <NxGroupsMask id="groupsMask"/>
            </NxShapeDesc>
          </NxBoxShapeDesc>
          <NxBoxShapeDesc dimensions="0.07 0.07 0.079999998">
            <NxShapeDesc>
              <localPose>0.99862951 0.042340681 0.030762307  -0.000000002 0.587785304 -0.809017003  -0.052335963 0.807908237 0.586979747  0.219999999 0.089999996 0.039999999</localPose>
              <group>14</group>
              <materialIndex>14</materialIndex>
              <skinWidth>0.025</skinWidth>
              <NxGroupsMask id="groupsMask"/>
            </NxShapeDesc>
          </NxBoxShapeDesc>
          <NxBoxShapeDesc dimensions="0.07 0.07 0.079999998">
            <NxShapeDesc>
              <localPose>0.000000154 -0.121869333 0.992546141  0.000000015 0.992546201 0.121869333  -0.99999994 0.000000007 0.000000179  -0.159999996 0.140000001 0</localPose>
              <group>14</group>
              <materialIndex>14</materialIndex>
              <skinWidth>0.025</skinWidth>
              <NxGroupsMask id="groupsMask"/>
            </NxShapeDesc>
          </NxBoxShapeDesc>
        </NxActorDesc>
        <NxActorDesc id="Actor_17" userProperties="_castType_2_objType_2_objIndex_5" hasBody="true" name="CracksType">
          <globalPose>0.561649859 -0.827373981 -0.001212329  -0.000152677 -0.00156863 0.99999851  -0.827374935 -0.561648667 -0.001007229  122.523353577 4.195329189 306.003356934</globalPose>
          <NxBodyDesc id="body">
            <massLocalPose>0.999479294 -0.022951759 -0.022679247  0.030187614 0.91335398 0.406045824  0.011394713 -0.406519026 0.913571298  0.153913036 0.157391295 0.006956522</massLocalPose>
            <massSpaceInertia>0.094405629 0.853197098 0.881403148</massSpaceInertia>
            <mass>20</mass>
            <wakeUpCounter>0</wakeUpCounter>
            <maxAngularVelocity>7</maxAngularVelocity>
            <sleepLinearVelocity>0.150000006</sleepLinearVelocity>
            <sleepAngularVelocity>0.140000001</sleepAngularVelocity>
          </NxBodyDesc>
          <group>2</group>
          <NxBoxShapeDesc dimensions="0.299999982 0.07 0.07">
            <NxShapeDesc>
              <localPose>1 0 0  0 1 0  0 0 1  0.219999999 0.179999992 0</localPose>
              <group>14</group>
              <materialIndex>14</materialIndex>
              <skinWidth>0.025</skinWidth>
              <NxGroupsMask id="groupsMask"/>
            </NxShapeDesc>
          </NxBoxShapeDesc>
          <NxBoxShapeDesc dimensions="0.07 0.07 0.079999998">
            <NxShapeDesc>
              <localPose>0.99862951 0.042340681 0.030762307  -0.000000002 0.587785304 -0.809017003  -0.052335963 0.807908237 0.586979747  0.219999999 0.089999996 0.039999999</localPose>
              <group>14</group>
              <materialIndex>14</materialIndex>
              <skinWidth>0.025</skinWidth>
              <NxGroupsMask id="groupsMask"/>
            </NxShapeDesc>
          </NxBoxShapeDesc>
          <NxBoxShapeDesc dimensions="0.07 0.07 0.079999998">
            <NxShapeDesc>
              <localPose>0.000000154 -0.121869333 0.992546141  0.000000015 0.992546201 0.121869333  -0.99999994 0.000000007 0.000000179  -0.159999996 0.140000001 0</localPose>
              <group>14</group>
              <materialIndex>14</materialIndex>
              <skinWidth>0.025</skinWidth>
              <NxGroupsMask id="groupsMask"/>
            </NxShapeDesc>
          </NxBoxShapeDesc>
        </NxActorDesc>
        <NxActorDesc id="Actor_18" userProperties="_castType_2_objType_2_objIndex_19" hasBody="true" name="CracksType">
          <globalPose>0.796687722 -0.604391098 0.000374496  -0.00009045 0.000500254 1  -0.604391217 -0.796687782 0.000343852  136.315338135 7.762662411 272.660797119</globalPose>
          <NxBodyDesc id="body">
            <massLocalPose>0.967582047 -0.163171083 0.192769721  0.12034639 0.968927801 0.216091961  -0.222039893 -0.185887575 0.957154155  0.17249997 0.056071427 0.014285713</massLocalPose>
            <massSpaceInertia>0.230871752 0.060346987 0.238580048</massSpaceInertia>
            <mass>14.999999046</mass>
            <wakeUpCounter>0</wakeUpCounter>
            <maxAngularVelocity>7</maxAngularVelocity>
            <sleepLinearVelocity>0.150000006</sleepLinearVelocity>
            <sleepAngularVelocity>0.140000001</sleepAngularVelocity>
          </NxBodyDesc>
          <group>2</group>
          <NxBoxShapeDesc dimensions="0.07 0.129999995 0.07">
            <NxShapeDesc>
              <localPose>1 0 0  0 1 0  0 0 1  0.189999998 0.089999996 0</localPose>
              <group>14</group>
              <materialIndex>16</materialIndex>
              <skinWidth>0.025</skinWidth>
              <NxGroupsMask id="groupsMask"/>
            </NxShapeDesc>
          </NxBoxShapeDesc>
          <NxBoxShapeDesc dimensions="0.07 0.07 0.07">
            <NxShapeDesc>
              <localPose>1 0 0  0 1 0  0 0 1  0.119999997 0.159999996 0</localPose>
              <group>14</group>
              <materialIndex>16</materialIndex>
              <skinWidth>0.025</skinWidth>
              <NxGroupsMask id="groupsMask"/>
            </NxShapeDesc>
          </NxBoxShapeDesc>
          <NxBoxShapeDesc dimensions="0.07 0.079999998 0.07">
            <NxShapeDesc>
              <localPose>1 0 0  0 0.819152117 0.573576391  0 -0.573576391 0.819152117  0.189999998 -0.089999996 0.049999997</localPose>
              <group>14</group>
              <materialIndex>16</materialIndex>
              <skinWidth>0.025</skinWidth>
              <NxGroupsMask id="groupsMask"/>
            </NxShapeDesc>
          </NxBoxShapeDesc>
        </NxActorDesc>
        <NxActorDesc id="Actor_19" userProperties="_castType_2_objType_2_objIndex_6" hasBody="true" name="CracksType">
          <globalPose>0.822263062 -0.569107234 -0.000726014  0.000009 -0.001262926 0.999999344  -0.569107652 -0.822262585 -0.001033366  127.676467896 7.762878418 293.952087402</globalPose>
          <NxBodyDesc id="body">
            <massLocalPose>0.999481916 -0.022721235 -0.022794999  0.030130688 0.909534097 0.414535731  0.011314064 -0.4150078 0.909747481  0.176999986 0.180999994 0.007999999</massLocalPose>
            <massSpaceInertia>0.105635986 1.116043329 1.155040503</massSpaceInertia>
            <mass>20</mass>
            <wakeUpCounter>0</wakeUpCounter>
            <maxAngularVelocity>7</maxAngularVelocity>
            <sleepLinearVelocity>0.150000006</sleepLinearVelocity>
            <sleepAngularVelocity>0.140000001</sleepAngularVelocity>
          </NxBodyDesc>
          <group>2</group>
          <NxBoxShapeDesc dimensions="0.344999999 0.07 0.07">
            <NxShapeDesc>
              <localPose>1 0 0  0 1 0  0 0 1  0.252999991 0.206999987 0</localPose>
              <group>14</group>
              <materialIndex>14</materialIndex>
              <skinWidth>0.025</skinWidth>
              <NxGroupsMask id="groupsMask"/>
            </NxShapeDesc>
          </NxBoxShapeDesc>
          <NxBoxShapeDesc dimensions="0.07 0.07 0.091999993">
            <NxShapeDesc>
              <localPose>0.99862951 0.042340681 0.030762307  -0.000000002 0.587785304 -0.809017003  -0.052335963 0.807908237 0.586979747  0.252999991 0.103499994 0.045999996</localPose>
              <group>14</group>
              <materialIndex>14</materialIndex>
              <skinWidth>0.025</skinWidth>
              <NxGroupsMask id="groupsMask"/>
            </NxShapeDesc>
          </NxBoxShapeDesc>
          <NxBoxShapeDesc dimensions="0.07 0.07 0.091999993">
            <NxShapeDesc>
              <localPose>0.000000154 -0.121869333 0.992546141  0.000000015 0.992546201 0.121869333  -0.99999994 0.000000007 0.000000179  -0.183999985 0.160999998 0</localPose>
              <group>14</group>
              <materialIndex>14</materialIndex>
              <skinWidth>0.025</skinWidth>
              <NxGroupsMask id="groupsMask"/>
            </NxShapeDesc>
          </NxBoxShapeDesc>
        </NxActorDesc>
        <NxActorDesc id="Actor_20" userProperties="_castType_2_objType_2_objIndex_7" hasBody="true" name="CracksType">
          <globalPose>0.998474002 -0.055223502 -0.000139549  0.000102201 -0.000679134 0.999999821  -0.055223584 -0.998473823 -0.000672454  133.251159668 7.762744904 303.278808594</globalPose>
          <NxBodyDesc id="body">
            <massLocalPose>0.999479294 -0.022951759 -0.022679247  0.030187614 0.91335398 0.406045824  0.011394713 -0.406519026 0.913571298  0.153913036 0.157391295 0.006956522</massLocalPose>
            <massSpaceInertia>0.094405629 0.853197098 0.881403148</massSpaceInertia>
            <mass>20</mass>
            <wakeUpCounter>0</wakeUpCounter>
            <maxAngularVelocity>7</maxAngularVelocity>
            <sleepLinearVelocity>0.150000006</sleepLinearVelocity>
            <sleepAngularVelocity>0.140000001</sleepAngularVelocity>
          </NxBodyDesc>
          <group>2</group>
          <NxBoxShapeDesc dimensions="0.299999982 0.07 0.07">
            <NxShapeDesc>
              <localPose>1 0 0  0 1 0  0 0 1  0.219999999 0.179999992 0</localPose>
              <group>14</group>
              <materialIndex>14</materialIndex>
              <skinWidth>0.025</skinWidth>
              <NxGroupsMask id="groupsMask"/>
            </NxShapeDesc>
          </NxBoxShapeDesc>
          <NxBoxShapeDesc dimensions="0.07 0.07 0.079999998">
            <NxShapeDesc>
