  <NXUSTREAM2>
    <NxuPhysicsCollection id="saves/save012/factory_egorov/factory_egorov.xml" sdkVersion="272" nxuVersion="103">
      <NxPhysicsSDKDesc id="SDK"/>
      <NxSceneDesc id="Scene_0">
        <NxGroupsMask id="groupMask0"/>
        <NxGroupsMask id="groupMask1"/>
        <NxSceneLimits id="limits"/>
        <NxActorDesc id="Actor_0" userProperties="_castType_2_objType_2_objIndex_47" hasBody="true" name="CracksType">
          <globalPose>0.815973938 -0.578088641 0.000363737  -0.000145048 0.000424206 1.000000119  -0.57808876 -0.815974116 0.000262238  -111.421142578 -2.383004189 32.989910126</globalPose>
          <NxBodyDesc id="body">
            <massLocalPose>0.967582047 -0.163171083 0.192769721  0.12034639 0.968927801 0.216091961  -0.222039893 -0.185887575 0.957154155  0.17249997 0.056071427 0.014285713</massLocalPose>
            <massSpaceInertia>0.230871752 0.060346987 0.238580048</massSpaceInertia>
            <mass>14.999999046</mass>
            <wakeUpCounter>0</wakeUpCounter>
            <maxAngularVelocity>7</maxAngularVelocity>
            <sleepLinearVelocity>0.150000006</sleepLinearVelocity>
            <sleepAngularVelocity>0.140000001</sleepAngularVelocity>
          </NxBodyDesc>
          <group>2</group>
          <NxBoxShapeDesc dimensions="0.07 0.129999995 0.07">
            <NxShapeDesc>
              <localPose>1 0 0  0 1 0  0 0 1  0.189999998 0.089999996 0</localPose>
              <group>14</group>
              <materialIndex>16</materialIndex>
              <skinWidth>0.025</skinWidth>
              <NxGroupsMask id="groupsMask"/>
            </NxShapeDesc>
          </NxBoxShapeDesc>
          <NxBoxShapeDesc dimensions="0.07 0.07 0.07">
            <NxShapeDesc>
              <localPose>1 0 0  0 1 0  0 0 1  0.119999997 0.159999996 0</localPose>
              <group>14</group>
              <materialIndex>16</materialIndex>
              <skinWidth>0.025</skinWidth>
              <NxGroupsMask id="groupsMask"/>
            </NxShapeDesc>
          </NxBoxShapeDesc>
          <NxBoxShapeDesc dimensions="0.07 0.079999998 0.07">
            <NxShapeDesc>
              <localPose>1 0 0  0 0.819152117 0.573576391  0 -0.573576391 0.819152117  0.189999998 -0.089999996 0.049999997</localPose>
              <group>14</group>
              <materialIndex>16</materialIndex>
              <skinWidth>0.025</skinWidth>
              <NxGroupsMask id="groupsMask"/>
            </NxShapeDesc>
          </NxBoxShapeDesc>
        </NxActorDesc>
        <NxActorDesc id="Actor_1" userProperties="_castType_2_objType_2_objIndex_52" hasBody="true" name="CracksType">
          <globalPose>0.975115359 -0.147161081 0.165812045  -0.186682597 -0.141623363 0.972158551  -0.119581044 -0.978920937 -0.165571526  -102.366600037 -4.582152843 20.038379669</globalPose>
          <NxBodyDesc id="body">
            <massLocalPose>0.967582047 -0.163171083 0.192769721  0.12034639 0.968927801 0.216091961  -0.222039893 -0.185887575 0.957154155  0.17249997 0.056071427 0.014285713</massLocalPose>
            <massSpaceInertia>0.230871752 0.060346987 0.238580048</massSpaceInertia>
            <mass>14.999999046</mass>
            <wakeUpCounter>0</wakeUpCounter>
            <maxAngularVelocity>7</maxAngularVelocity>
            <sleepLinearVelocity>0.150000006</sleepLinearVelocity>
            <sleepAngularVelocity>0.140000001</sleepAngularVelocity>
          </NxBodyDesc>
          <group>2</group>
          <NxBoxShapeDesc dimensions="0.07 0.129999995 0.07">
            <NxShapeDesc>
              <localPose>1 0 0  0 1 0  0 0 1  0.189999998 0.089999996 0</localPose>
              <group>14</group>
              <materialIndex>16</materialIndex>
              <skinWidth>0.025</skinWidth>
              <NxGroupsMask id="groupsMask"/>
            </NxShapeDesc>
          </NxBoxShapeDesc>
          <NxBoxShapeDesc dimensions="0.07 0.07 0.07">
            <NxShapeDesc>
              <localPose>1 0 0  0 1 0  0 0 1  0.119999997 0.159999996 0</localPose>
              <group>14</group>
              <materialIndex>16</materialIndex>
              <skinWidth>0.025</skinWidth>
              <NxGroupsMask id="groupsMask"/>
            </NxShapeDesc>
          </NxBoxShapeDesc>
          <NxBoxShapeDesc dimensions="0.07 0.079999998 0.07">
            <NxShapeDesc>
              <localPose>1 0 0  0 0.819152117 0.573576391  0 -0.573576391 0.819152117  0.189999998 -0.089999996 0.049999997</localPose>
              <group>14</group>
              <materialIndex>16</materialIndex>
              <skinWidth>0.025</skinWidth>
              <NxGroupsMask id="groupsMask"/>
            </NxShapeDesc>
          </NxBoxShapeDesc>
        </NxActorDesc>
        <NxActorDesc id="Actor_2" userProperties="_castType_2_objType_2_objIndex_46" hasBody="true" name="CracksType">
          <globalPose>0.803685188 -0.595054507 0.000390381  -0.000114411 0.000501804 0.999999642  -0.595054626 -0.803684831 0.000335269  -110.952812195 -2.383008718 29.039409637</globalPose>
          <NxBodyDesc id="body">
            <massLocalPose>0.967582047 -0.163171083 0.192769721  0.12034639 0.968927801 0.216091961  -0.222039893 -0.185887575 0.957154155  0.17249997 0.056071427 0.014285713</massLocalPose>
            <massSpaceInertia>0.230871752 0.060346987 0.238580048</massSpaceInertia>
            <mass>14.999999046</mass>
            <wakeUpCounter>0</wakeUpCounter>
            <maxAngularVelocity>7</maxAngularVelocity>
            <sleepLinearVelocity>0.150000006</sleepLinearVelocity>
            <sleepAngularVelocity>0.140000001</sleepAngularVelocity>
          </NxBodyDesc>
          <group>2</group>
          <NxBoxShapeDesc dimensions="0.07 0.129999995 0.07">
            <NxShapeDesc>
              <localPose>1 0 0  0 1 0  0 0 1  0.189999998 0.089999996 0</localPose>
              <group>14</group>
              <materialIndex>16</materialIndex>
              <skinWidth>0.025</skinWidth>
              <NxGroupsMask id="groupsMask"/>
            </NxShapeDesc>
          </NxBoxShapeDesc>
          <NxBoxShapeDesc dimensions="0.07 0.07 0.07">
            <NxShapeDesc>
              <localPose>1 0 0  0 1 0  0 0 1  0.119999997 0.159999996 0</localPose>
              <group>14</group>
              <materialIndex>16</materialIndex>
              <skinWidth>0.025</skinWidth>
              <NxGroupsMask id="groupsMask"/>
            </NxShapeDesc>
          </NxBoxShapeDesc>
          <NxBoxShapeDesc dimensions="0.07 0.079999998 0.07">
            <NxShapeDesc>
              <localPose>1 0 0  0 0.819152117 0.573576391  0 -0.573576391 0.819152117  0.189999998 -0.089999996 0.049999997</localPose>
              <group>14</group>
              <materialIndex>16</materialIndex>
              <skinWidth>0.025</skinWidth>
              <NxGroupsMask id="groupsMask"/>
            </NxShapeDesc>
          </NxBoxShapeDesc>
        </NxActorDesc>
        <NxActorDesc id="Actor_3" userProperties="_castType_2_objType_2_objIndex_49" hasBody="true" name="CracksType">
          <globalPose>0.747214615 -0.664582849 -0.000323385  0.000501662 0.000077307 1  -0.664582729 -0.747214854 0.000391126  -112.7371521 -2.38310194 32.235977173</globalPose>
          <NxBodyDesc id="body">
            <massLocalPose>0.967582047 -0.163171083 0.192769721  0.12034639 0.968927801 0.216091961  -0.222039893 -0.185887575 0.957154155  0.17249997 0.056071427 0.014285713</massLocalPose>
            <massSpaceInertia>0.230871752 0.060346987 0.238580048</massSpaceInertia>
            <mass>14.999999046</mass>
            <wakeUpCounter>0</wakeUpCounter>
            <maxAngularVelocity>7</maxAngularVelocity>
            <sleepLinearVelocity>0.150000006</sleepLinearVelocity>
            <sleepAngularVelocity>0.140000001</sleepAngularVelocity>
          </NxBodyDesc>
          <group>2</group>
          <NxBoxShapeDesc dimensions="0.07 0.129999995 0.07">
            <NxShapeDesc>
              <localPose>1 0 0  0 1 0  0 0 1  0.189999998 0.089999996 0</localPose>
              <group>14</group>
              <materialIndex>16</materialIndex>
              <skinWidth>0.025</skinWidth>
              <NxGroupsMask id="groupsMask"/>
            </NxShapeDesc>
          </NxBoxShapeDesc>
          <NxBoxShapeDesc dimensions="0.07 0.07 0.07">
            <NxShapeDesc>
              <localPose>1 0 0  0 1 0  0 0 1  0.119999997 0.159999996 0</localPose>
              <group>14</group>
              <materialIndex>16</materialIndex>
              <skinWidth>0.025</skinWidth>
              <NxGroupsMask id="groupsMask"/>
            </NxShapeDesc>
          </NxBoxShapeDesc>
          <NxBoxShapeDesc dimensions="0.07 0.079999998 0.07">
            <NxShapeDesc>
              <localPose>1 0 0  0 0.819152117 0.573576391  0 -0.573576391 0.819152117  0.189999998 -0.089999996 0.049999997</localPose>
              <group>14</group>
              <materialIndex>16</materialIndex>
              <skinWidth>0.025</skinWidth>
              <NxGroupsMask id="groupsMask"/>
            </NxShapeDesc>
          </NxBoxShapeDesc>
        </NxActorDesc>
        <NxActorDesc id="Actor_4" userProperties="_castType_2_objType_2_objIndex_51" hasBody="true" name="CracksType">
          <globalPose>-0.164775729 0.773347378 0.612195015  -0.972236991 -0.231900632 0.031262368  0.166145101 -0.590047359 0.790088534  -104.284721375 -3.577535391 22.873823166</globalPose>
          <NxBodyDesc id="body">
            <massLocalPose>0.967582047 -0.163171083 0.192769721  0.12034639 0.968927801 0.216091961  -0.222039893 -0.185887575 0.957154155  0.17249997 0.056071427 0.014285713</massLocalPose>
            <massSpaceInertia>0.230871752 0.060346987 0.238580048</massSpaceInertia>
            <mass>14.999999046</mass>
            <wakeUpCounter>0</wakeUpCounter>
            <maxAngularVelocity>7</maxAngularVelocity>
            <sleepLinearVelocity>0.150000006</sleepLinearVelocity>
            <sleepAngularVelocity>0.140000001</sleepAngularVelocity>
          </NxBodyDesc>
          <group>2</group>
          <NxBoxShapeDesc dimensions="0.07 0.129999995 0.07">
            <NxShapeDesc>
              <localPose>1 0 0  0 1 0  0 0 1  0.189999998 0.089999996 0</localPose>
              <group>14</group>
              <materialIndex>16</materialIndex>
              <skinWidth>0.025</skinWidth>
              <NxGroupsMask id="groupsMask"/>
            </NxShapeDesc>
          </NxBoxShapeDesc>
          <NxBoxShapeDesc dimensions="0.07 0.07 0.07">
            <NxShapeDesc>
              <localPose>1 0 0  0 1 0  0 0 1  0.119999997 0.159999996 0</localPose>
              <group>14</group>
              <materialIndex>16</materialIndex>
              <skinWidth>0.025</skinWidth>
              <NxGroupsMask id="groupsMask"/>
            </NxShapeDesc>
          </NxBoxShapeDesc>
          <NxBoxShapeDesc dimensions="0.07 0.079999998 0.07">
            <NxShapeDesc>
              <localPose>1 0 0  0 0.819152117 0.573576391  0 -0.573576391 0.819152117  0.189999998 -0.089999996 0.049999997</localPose>
              <group>14</group>
              <materialIndex>16</materialIndex>
              <skinWidth>0.025</skinWidth>
              <NxGroupsMask id="groupsMask"/>
            </NxShapeDesc>
          </NxBoxShapeDesc>
        </NxActorDesc>
        <NxActorDesc id="Actor_5" userProperties="_castType_2_objType_2_objIndex_50" hasBody="true" name="CracksType">
          <globalPose>0.986145139 0.165533885 0.010782739  -0.16498585 0.971969903 0.167493954  0.017245429 -0.166952357 0.985814154  -107.589630127 -2.73903656 25.641872406</globalPose>
          <NxBodyDesc id="body">
            <massLocalPose>1 0 0  0 1 0  0 0 1  0.199999973 0 0</massLocalPose>
            <massSpaceInertia>0.048999999 0.439219952 0.439219952</massSpaceInertia>
            <mass>14.999999046</mass>
            <wakeUpCounter>0</wakeUpCounter>
            <maxAngularVelocity>7</maxAngularVelocity>
            <sleepLinearVelocity>0.150000006</sleepLinearVelocity>
            <sleepAngularVelocity>0.140000001</sleepAngularVelocity>
          </NxBodyDesc>
          <group>2</group>
          <NxBoxShapeDesc dimensions="0.287999988 0.07 0.07">
            <NxShapeDesc>
              <localPose>1 0 0  0 1 0  0 0 1  0.199999973 0 0</localPose>
              <group>14</group>
              <materialIndex>16</materialIndex>
              <skinWidth>0.025</skinWidth>
              <NxGroupsMask id="groupsMask"/>
            </NxShapeDesc>
          </NxBoxShapeDesc>
        </NxActorDesc>
        <NxActorDesc id="Actor_6" userProperties="_castType_2_objType_2_objIndex_48" hasBody="true" name="CracksType">
          <globalPose>0.816325665 -0.577591777 0.000410348  -0.00008139 0.000595391 0.999999881  -0.577591896 -0.816325665 0.000439018  -115.54850769 -2.383023739 33.859294891</globalPose>
          <NxBodyDesc id="body">
            <massLocalPose>0.967582047 -0.163171083 0.192769721  0.12034639 0.968927801 0.216091961  -0.222039893 -0.185887575 0.957154155  0.17249997 0.056071427 0.014285713</massLocalPose>
            <massSpaceInertia>0.230871752 0.060346987 0.238580048</massSpaceInertia>
            <mass>14.999999046</mass>
            <wakeUpCounter>0</wakeUpCounter>
            <maxAngularVelocity>7</maxAngularVelocity>
            <sleepLinearVelocity>0.150000006</sleepLinearVelocity>
            <sleepAngularVelocity>0.140000001</sleepAngularVelocity>
          </NxBodyDesc>
          <group>2</group>
          <NxBoxShapeDesc dimensions="0.07 0.129999995 0.07">
            <NxShapeDesc>
              <localPose>1 0 0  0 1 0  0 0 1  0.189999998 0.089999996 0</localPose>
              <group>14</group>
              <materialIndex>16</materialIndex>
              <skinWidth>0.025</skinWidth>
              <NxGroupsMask id="groupsMask"/>
            </NxShapeDesc>
          </NxBoxShapeDesc>
          <NxBoxShapeDesc dimensions="0.07 0.07 0.07">
            <NxShapeDesc>
              <localPose>1 0 0  0 1 0  0 0 1  0.119999997 0.159999996 0</localPose>
              <group>14</group>
              <materialIndex>16</materialIndex>
              <skinWidth>0.025</skinWidth>
              <NxGroupsMask id="groupsMask"/>
            </NxShapeDesc>
          </NxBoxShapeDesc>
          <NxBoxShapeDesc dimensions="0.07 0.079999998 0.07">
            <NxShapeDesc>
              <localPose>1 0 0  0 0.819152117 0.573576391  0 -0.573576391 0.819152117  0.189999998 -0.089999996 0.049999997</localPose>
              <group>14</group>
              <materialIndex>16</materialIndex>
              <skinWidth>0.025</skinWidth>
              <NxGroupsMask id="groupsMask"/>
            </NxShapeDesc>
          </NxBoxShapeDesc>
        </NxActorDesc>
        <NxActorDesc id="Actor_7" userProperties="_castType_2_objType_2_objIndex_43" hasBody="true" name="CracksType">
          <globalPose>0.98020035 0.197846532 -0.008002116  -0.19785282 0.980231762 0.000005926  0.007845101 0.001577433 0.999967992  -1.204835892 0.248446658 -3.109738111</globalPose>
          <NxBodyDesc id="body">
            <massLocalPose>1 0 0  0 1 0  0 0 1  0.199999973 0 0</massLocalPose>
            <massSpaceInertia>0.048999999 0.439219952 0.439219952</massSpaceInertia>
            <mass>14.999999046</mass>
            <wakeUpCounter>0</wakeUpCounter>
            <maxAngularVelocity>7</maxAngularVelocity>
            <sleepLinearVelocity>0.150000006</sleepLinearVelocity>
            <sleepAngularVelocity>0.140000001</sleepAngularVelocity>
          </NxBodyDesc>
          <group>2</group>
          <NxBoxShapeDesc dimensions="0.287999988 0.07 0.07">
            <NxShapeDesc>
              <localPose>1 0 0  0 1 0  0 0 1  0.199999973 0 0</localPose>
              <group>14</group>
              <materialIndex>16</materialIndex>
              <skinWidth>0.025</skinWidth>
              <NxGroupsMask id="groupsMask"/>
            </NxShapeDesc>
          </NxBoxShapeDesc>
        </NxActorDesc>
        <NxActorDesc id="Actor_8" userProperties="_castType_2_objType_2_objIndex_26" hasBody="true" name="CracksType">
          <globalPose>0.971875846 0.202974364 0.119409986  0.000534594 -0.508962274 0.860788524  0.235493213 -0.836515725 -0.494756639  48.167438507 0.261108875 31.571144104</globalPose>
          <NxBodyDesc id="body">
            <massLocalPose>0.967582047 -0.163171083 0.192769721  0.12034639 0.968927801 0.216091961  -0.222039893 -0.185887575 0.957154155  0.17249997 0.056071427 0.014285713</massLocalPose>
            <massSpaceInertia>0.230871752 0.060346987 0.238580048</massSpaceInertia>
            <mass>14.999999046</mass>
            <wakeUpCounter>0</wakeUpCounter>
            <maxAngularVelocity>7</maxAngularVelocity>
            <sleepLinearVelocity>0.150000006</sleepLinearVelocity>
            <sleepAngularVelocity>0.140000001</sleepAngularVelocity>
          </NxBodyDesc>
          <group>2</group>
          <NxBoxShapeDesc dimensions="0.07 0.129999995 0.07">
            <NxShapeDesc>
              <localPose>1 0 0  0 1 0  0 0 1  0.189999998 0.089999996 0</localPose>
              <group>14</group>
              <materialIndex>16</materialIndex>
              <skinWidth>0.025</skinWidth>
              <NxGroupsMask id="groupsMask"/>
            </NxShapeDesc>
          </NxBoxShapeDesc>
          <NxBoxShapeDesc dimensions="0.07 0.07 0.07">
            <NxShapeDesc>
              <localPose>1 0 0  0 1 0  0 0 1  0.119999997 0.159999996 0</localPose>
              <group>14</group>
              <materialIndex>16</materialIndex>
              <skinWidth>0.025</skinWidth>
              <NxGroupsMask id="groupsMask"/>
            </NxShapeDesc>
          </NxBoxShapeDesc>
          <NxBoxShapeDesc dimensions="0.07 0.079999998 0.07">
            <NxShapeDesc>
              <localPose>1 0 0  0 0.819152117 0.573576391  0 -0.573576391 0.819152117  0.189999998 -0.089999996 0.049999997</localPose>
              <group>14</group>
              <materialIndex>16</materialIndex>
              <skinWidth>0.025</skinWidth>
              <NxGroupsMask id="groupsMask"/>
            </NxShapeDesc>
          </NxBoxShapeDesc>
        </NxActorDesc>
        <NxActorDesc id="Actor_9" userProperties="_castType_2_objType_2_objIndex_27" hasBody="true" name="CracksType">
          <globalPose>0.979236543 0.20272094 0.000004977  -0.000025205 0.000097371 0.999999821  0.202720925 -0.979236424 0.000100463  42.356918335 0.250225157 29.378704071</globalPose>
          <NxBodyDesc id="body">
            <massLocalPose>0.967582047 -0.163171083 0.192769721  0.12034639 0.968927801 0.216091961  -0.222039893 -0.185887575 0.957154155  0.17249997 0.056071427 0.014285713</massLocalPose>
            <massSpaceInertia>0.230871752 0.060346987 0.238580048</massSpaceInertia>
            <mass>14.999999046</mass>
            <wakeUpCounter>0</wakeUpCounter>
            <maxAngularVelocity>7</maxAngularVelocity>
            <sleepLinearVelocity>0.150000006</sleepLinearVelocity>
            <sleepAngularVelocity>0.140000001</sleepAngularVelocity>
          </NxBodyDesc>
          <group>2</group>
          <NxBoxShapeDesc dimensions="0.07 0.129999995 0.07">
            <NxShapeDesc>
              <localPose>1 0 0  0 1 0  0 0 1  0.189999998 0.089999996 0</localPose>
              <group>14</group>
              <materialIndex>16</materialIndex>
              <skinWidth>0.025</skinWidth>
              <NxGroupsMask id="groupsMask"/>
            </NxShapeDesc>
          </NxBoxShapeDesc>
          <NxBoxShapeDesc dimensions="0.07 0.07 0.07">
            <NxShapeDesc>
              <localPose>1 0 0  0 1 0  0 0 1  0.119999997 0.159999996 0</localPose>
              <group>14</group>
              <materialIndex>16</materialIndex>
              <skinWidth>0.025</skinWidth>
              <NxGroupsMask id="groupsMask"/>
            </NxShapeDesc>
          </NxBoxShapeDesc>
          <NxBoxShapeDesc dimensions="0.07 0.079999998 0.07">
            <NxShapeDesc>
              <localPose>1 0 0  0 0.819152117 0.573576391  0 -0.573576391 0.819152117  0.189999998 -0.089999996 0.049999997</localPose>
              <group>14</group>
              <materialIndex>16</materialIndex>
              <skinWidth>0.025</skinWidth>
              <NxGroupsMask id="groupsMask"/>
            </NxShapeDesc>
          </NxBoxShapeDesc>
        </NxActorDesc>
        <NxActorDesc id="Actor_10" userProperties="_castType_2_objType_2_objIndex_28" hasBody="true" name="CracksType">
          <globalPose>0.994880855 -0.097970419 0.024775255  0.001092479 -0.234725341 -0.97206074  0.101048619 0.967111766 -0.233416721  3.647977352 5.477359772 44.609237671</globalPose>
          <NxBodyDesc id="body">
            <massLocalPose>0.967582047 -0.163171083 0.192769721  0.12034639 0.968927801 0.216091961  -0.222039893 -0.185887575 0.957154155  0.17249997 0.056071427 0.014285713</massLocalPose>
            <massSpaceInertia>0.230871752 0.060346987 0.238580048</massSpaceInertia>
            <mass>14.999999046</mass>
            <wakeUpCounter>0</wakeUpCounter>
            <maxAngularVelocity>7</maxAngularVelocity>
            <sleepLinearVelocity>0.150000006</sleepLinearVelocity>
            <sleepAngularVelocity>0.140000001</sleepAngularVelocity>
          </NxBodyDesc>
          <group>2</group>
          <NxBoxShapeDesc dimensions="0.07 0.129999995 0.07">
            <NxShapeDesc>
              <localPose>1 0 0  0 1 0  0 0 1  0.189999998 0.089999996 0</localPose>
              <group>14</group>
              <materialIndex>16</materialIndex>
              <skinWidth>0.025</skinWidth>
              <NxGroupsMask id="groupsMask"/>
            </NxShapeDesc>
          </NxBoxShapeDesc>
          <NxBoxShapeDesc dimensions="0.07 0.07 0.07">
            <NxShapeDesc>
              <localPose>1 0 0  0 1 0  0 0 1  0.119999997 0.159999996 0</localPose>
              <group>14</group>
              <materialIndex>16</materialIndex>
              <skinWidth>0.025</skinWidth>
              <NxGroupsMask id="groupsMask"/>
            </NxShapeDesc>
          </NxBoxShapeDesc>
          <NxBoxShapeDesc dimensions="0.07 0.079999998 0.07">
            <NxShapeDesc>
              <localPose>1 0 0  0 0.819152117 0.573576391  0 -0.573576391 0.819152117  0.189999998 -0.089999996 0.049999997</localPose>
              <group>14</group>
              <materialIndex>16</materialIndex>
              <skinWidth>0.025</skinWidth>
              <NxGroupsMask id="groupsMask"/>
            </NxShapeDesc>
          </NxBoxShapeDesc>
        </NxActorDesc>
        <NxActorDesc id="Actor_11" userProperties="_castType_2_objType_2_objIndex_44" hasBody="true" name="CracksType">
          <globalPose>0.999993503 0.000033552 0.003611878  -0.000036725 0.999999642 0.000878326  -0.003611847 -0.000878453 0.999993145  -35.148330688 0.246053189 6.176974297</globalPose>
          <NxBodyDesc id="body">
            <massLocalPose>1 0 0  0 1 0  0 0 1  0.199999973 0 0</massLocalPose>
            <massSpaceInertia>0.048999999 0.439219952 0.439219952</massSpaceInertia>
            <mass>14.999999046</mass>
            <wakeUpCounter>0</wakeUpCounter>
            <maxAngularVelocity>7</maxAngularVelocity>
            <sleepLinearVelocity>0.150000006</sleepLinearVelocity>
            <sleepAngularVelocity>0.140000001</sleepAngularVelocity>
          </NxBodyDesc>
          <group>2</group>
          <NxBoxShapeDesc dimensions="0.287999988 0.07 0.07">
            <NxShapeDesc>
              <localPose>1 0 0  0 1 0  0 0 1  0.199999973 0 0</localPose>
              <group>14</group>
              <materialIndex>16</materialIndex>
              <skinWidth>0.025</skinWidth>
              <NxGroupsMask id="groupsMask"/>
            </NxShapeDesc>
          </NxBoxShapeDesc>
        </NxActorDesc>
        <NxActorDesc id="Actor_12" userProperties="_castType_2_objType_2_objIndex_29" hasBody="true" name="CracksType">
          <globalPose>0.967084229 0.25445658 -0.000016332  0.000016481 0.000001598 0.999999881  0.25445658 -0.96708405 -0.000002647  -33.169582367 0.321430147 3.239457846</globalPose>
          <NxBodyDesc id="body">
            <massLocalPose>0.967582047 -0.163171083 0.192769721  0.12034639 0.968927801 0.216091961  -0.222039893 -0.185887575 0.957154155  0.17249997 0.056071427 0.014285713</massLocalPose>
            <massSpaceInertia>0.230871752 0.060346987 0.238580048</massSpaceInertia>
            <mass>14.999999046</mass>
            <wakeUpCounter>0</wakeUpCounter>
            <maxAngularVelocity>7</maxAngularVelocity>
            <sleepLinearVelocity>0.150000006</sleepLinearVelocity>
            <sleepAngularVelocity>0.140000001</sleepAngularVelocity>
          </NxBodyDesc>
          <group>2</group>
          <NxBoxShapeDesc dimensions="0.07 0.129999995 0.07">
            <NxShapeDesc>
              <localPose>1 0 0  0 1 0  0 0 1  0.189999998 0.089999996 0</localPose>
              <group>14</group>
              <materialIndex>16</materialIndex>
              <skinWidth>0.025</skinWidth>
              <NxGroupsMask id="groupsMask"/>
            </NxShapeDesc>
          </NxBoxShapeDesc>
          <NxBoxShapeDesc dimensions="0.07 0.07 0.07">
            <NxShapeDesc>
              <localPose>1 0 0  0 1 0  0 0 1  0.119999997 0.159999996 0</localPose>
              <group>14</group>
              <materialIndex>16</materialIndex>
              <skinWidth>0.025</skinWidth>
              <NxGroupsMask id="groupsMask"/>
            </NxShapeDesc>
          </NxBoxShapeDesc>
          <NxBoxShapeDesc dimensions="0.07 0.079999998 0.07">
            <NxShapeDesc>
              <localPose>1 0 0  0 0.819152117 0.573576391  0 -0.573576391 0.819152117  0.189999998 -0.089999996 0.049999997</localPose>
              <group>14</group>
              <materialIndex>16</materialIndex>
              <skinWidth>0.025</skinWidth>
              <NxGroupsMask id="groupsMask"/>
            </NxShapeDesc>
          </NxBoxShapeDesc>
        </NxActorDesc>
        <NxActorDesc id="Actor_13" userProperties="_castType_2_objType_2_objIndex_30" hasBody="true" name="CracksType">
          <globalPose>0.98581332 0.16784513 -0.000018351  0.000003539 0.000088839 0.999999762  0.16784513 -0.985813141 0.000086989  -2.605295658 0.233767122 -5.404773235</globalPose>
          <NxBodyDesc id="body">
            <massLocalPose>0.967582047 -0.163171083 0.192769721  0.12034639 0.968927801 0.216091961  -0.222039893 -0.185887575 0.957154155  0.17249997 0.056071427 0.014285713</massLocalPose>
            <massSpaceInertia>0.230871752 0.060346987 0.238580048</massSpaceInertia>
            <mass>14.999999046</mass>
            <wakeUpCounter>0</wakeUpCounter>
            <maxAngularVelocity>7</maxAngularVelocity>
            <sleepLinearVelocity>0.150000006</sleepLinearVelocity>
            <sleepAngularVelocity>0.140000001</sleepAngularVelocity>
          </NxBodyDesc>
          <group>2</group>
          <NxBoxShapeDesc dimensions="0.07 0.129999995 0.07">
            <NxShapeDesc>
              <localPose>1 0 0  0 1 0  0 0 1  0.189999998 0.089999996 0</localPose>
              <group>14</group>
              <materialIndex>16</materialIndex>
              <skinWidth>0.025</skinWidth>
              <NxGroupsMask id="groupsMask"/>
            </NxShapeDesc>
          </NxBoxShapeDesc>
          <NxBoxShapeDesc dimensions="0.07 0.07 0.07">
            <NxShapeDesc>
              <localPose>1 0 0  0 1 0  0 0 1  0.119999997 0.159999996 0</localPose>
              <group>14</group>
              <materialIndex>16</materialIndex>
              <skinWidth>0.025</skinWidth>
              <NxGroupsMask id="groupsMask"/>
            </NxShapeDesc>
          </NxBoxShapeDesc>
          <NxBoxShapeDesc dimensions="0.07 0.079999998 0.07">
            <NxShapeDesc>
              <localPose>1 0 0  0 0.819152117 0.573576391  0 -0.573576391 0.819152117  0.189999998 -0.089999996 0.049999997</localPose>
              <group>14</group>
              <materialIndex>16</materialIndex>
              <skinWidth>0.025</skinWidth>
              <NxGroupsMask id="groupsMask"/>
            </NxShapeDesc>
          </NxBoxShapeDesc>
        </NxActorDesc>
        <NxActorDesc id="Actor_14" userProperties="_castType_2_objType_2_objIndex_45" hasBody="true" name="CracksType">
          <globalPose>0.998898447 0.04692388 0.000049671  -0.000028331 -0.000454527 0.999998927  0.046923898 -0.998897433 -0.000452696  50.476264954 0.153765768 23.580032349</globalPose>
          <NxBodyDesc id="body">
            <massLocalPose>1 0 0  0 1 0  0 0 1  0.199999973 0 0</massLocalPose>
            <massSpaceInertia>0.048999999 0.439219952 0.439219952</massSpaceInertia>
            <mass>14.999999046</mass>
            <wakeUpCounter>0</wakeUpCounter>
            <maxAngularVelocity>7</maxAngularVelocity>
            <sleepLinearVelocity>0.150000006</sleepLinearVelocity>
            <sleepAngularVelocity>0.140000001</sleepAngularVelocity>
          </NxBodyDesc>
          <group>2</group>
          <NxBoxShapeDesc dimensions="0.287999988 0.07 0.07">
            <NxShapeDesc>
              <localPose>1 0 0  0 1 0  0 0 1  0.199999973 0 0</localPose>
              <group>14</group>
              <materialIndex>16</materialIndex>
              <skinWidth>0.025</skinWidth>
              <NxGroupsMask id="groupsMask"/>
            </NxShapeDesc>
          </NxBoxShapeDesc>
        </NxActorDesc>
        <NxActorDesc id="Actor_15" userProperties="_castType_2_objType_2_objIndex_31" hasBody="true" name="CracksType">
          <globalPose>0.945277035 0.326268792 0.000093549  -0.000130475 0.00009127 0.99999994  0.326268792 -0.945277035 0.000128843  44.134857178 3.382133245 18.924028397</globalPose>
          <NxBodyDesc id="body">
            <massLocalPose>0.967582047 -0.163171083 0.192769721  0.12034639 0.968927801 0.216091961  -0.222039893 -0.185887575 0.957154155  0.17249997 0.056071427 0.014285713</massLocalPose>
            <massSpaceInertia>0.230871752 0.060346987 0.238580048</massSpaceInertia>
            <mass>14.999999046</mass>
            <wakeUpCounter>0</wakeUpCounter>
            <maxAngularVelocity>7</maxAngularVelocity>
            <sleepLinearVelocity>0.150000006</sleepLinearVelocity>
            <sleepAngularVelocity>0.140000001</sleepAngularVelocity>
          </NxBodyDesc>
          <group>2</group>
          <NxBoxShapeDesc dimensions="0.07 0.129999995 0.07">
            <NxShapeDesc>
              <localPose>1 0 0  0 1 0  0 0 1  0.189999998 0.089999996 0</localPose>
              <group>14</group>
              <materialIndex>16</materialIndex>
              <skinWidth>0.025</skinWidth>
              <NxGroupsMask id="groupsMask"/>
            </NxShapeDesc>
          </NxBoxShapeDesc>
          <NxBoxShapeDesc dimensions="0.07 0.07 0.07">
            <NxShapeDesc>
              <localPose>1 0 0  0 1 0  0 0 1  0.119999997 0.159999996 0</localPose>
              <group>14</group>
              <materialIndex>16</materialIndex>
              <skinWidth>0.025</skinWidth>
              <NxGroupsMask id="groupsMask"/>
            </NxShapeDesc>
          </NxBoxShapeDesc>
          <NxBoxShapeDesc dimensions="0.07 0.079999998 0.07">
            <NxShapeDesc>
              <localPose>1 0 0  0 0.819152117 0.573576391  0 -0.573576391 0.819152117  0.189999998 -0.089999996 0.049999997</localPose>
              <group>14</group>
              <materialIndex>16</materialIndex>
              <skinWidth>0.025</skinWidth>
              <NxGroupsMask id="groupsMask"/>
            </NxShapeDesc>
          </NxBoxShapeDesc>
        </NxActorDesc>
        <NxActorDesc id="Actor_16" userProperties="_castType_2_objType_2_objIndex_32" hasBody="true" name="CracksType">
          <globalPose>0.444786638 -0.600218117 0.664757967  -0.848630846 -0.519724607 0.098549455  0.286339909 -0.607967615 -0.740530133  47.5729599 0.425653368 49.195526123</globalPose>
          <NxBodyDesc id="body">
            <massLocalPose>0.967582047 -0.163171083 0.192769721  0.12034639 0.968927801 0.216091961  -0.222039893 -0.185887575 0.957154155  0.17249997 0.056071427 0.014285713</massLocalPose>
            <massSpaceInertia>0.230871752 0.060346987 0.238580048</massSpaceInertia>
            <mass>14.999999046</mass>
            <wakeUpCounter>0</wakeUpCounter>
            <maxAngularVelocity>7</maxAngularVelocity>
            <sleepLinearVelocity>0.150000006</sleepLinearVelocity>
            <sleepAngularVelocity>0.140000001</sleepAngularVelocity>
          </NxBodyDesc>
          <group>2</group>
          <NxBoxShapeDesc dimensions="0.07 0.129999995 0.07">
            <NxShapeDesc>
              <localPose>1 0 0  0 1 0  0 0 1  0.189999998 0.089999996 0</localPose>
              <group>14</group>
              <materialIndex>16</materialIndex>
              <skinWidth>0.025</skinWidth>
              <NxGroupsMask id="groupsMask"/>
            </NxShapeDesc>
          </NxBoxShapeDesc>
          <NxBoxShapeDesc dimensions="0.07 0.07 0.07">
            <NxShapeDesc>
              <localPose>1 0 0  0 1 0  0 0 1  0.119999997 0.159999996 0</localPose>
              <group>14</group>
              <materialIndex>16</materialIndex>
              <skinWidth>0.025</skinWidth>
              <NxGroupsMask id="groupsMask"/>
            </NxShapeDesc>
          </NxBoxShapeDesc>
          <NxBoxShapeDesc dimensions="0.07 0.079999998 0.07">
            <NxShapeDesc>
              <localPose>1 0 0  0 0.819152117 0.573576391  0 -0.573576391 0.819152117  0.189999998 -0.089999996 0.049999997</localPose>
              <group>14</group>
              <materialIndex>16</materialIndex>
              <skinWidth>0.025</skinWidth>
              <NxGroupsMask id="groupsMask"/>
            </NxShapeDesc>
          </NxBoxShapeDesc>
        </NxActorDesc>
        <NxActorDesc id="Actor_17" userProperties="_castType_2_objType_2_objIndex_33" hasBody="true" name="CracksType">
          <globalPose>0.971064806 0.238816351 0.000007495  -0.000030972 0.000094384 1.000000238  0.238816336 -0.971064985 0.000099045  59.104320526 5.18993187 49.761562347</globalPose>
          <NxBodyDesc id="body">
            <massLocalPose>0.967582047 -0.163171083 0.192769721  0.12034639 0.968927801 0.216091961  -0.222039893 -0.185887575 0.957154155  0.17249997 0.056071427 0.014285713</massLocalPose>
            <massSpaceInertia>0.230871752 0.060346987 0.238580048</massSpaceInertia>
            <mass>14.999999046</mass>
            <wakeUpCounter>0</wakeUpCounter>
            <maxAngularVelocity>7</maxAngularVelocity>
            <sleepLinearVelocity>0.150000006</sleepLinearVelocity>
            <sleepAngularVelocity>0.140000001</sleepAngularVelocity>
          </NxBodyDesc>
          <group>2</group>
          <NxBoxShapeDesc dimensions="0.07 0.129999995 0.07">
            <NxShapeDesc>
              <localPose>1 0 0  0 1 0  0 0 1  0.189999998 0.089999996 0</localPose>
              <group>14</group>
              <materialIndex>16</materialIndex>
              <skinWidth>0.025</skinWidth>
              <NxGroupsMask id="groupsMask"/>
            </NxShapeDesc>
          </NxBoxShapeDesc>
          <NxBoxShapeDesc dimensions="0.07 0.07 0.07">
            <NxShapeDesc>
              <localPose>1 0 0  0 1 0  0 0 1  0.119999997 0.159999996 0</localPose>
              <group>14</group>
              <materialIndex>16</materialIndex>
              <skinWidth>0.025</skinWidth>
              <NxGroupsMask id="groupsMask"/>
            </NxShapeDesc>
          </NxBoxShapeDesc>
          <NxBoxShapeDesc dimensions="0.07 0.079999998 0.07">
            <NxShapeDesc>
              <localPose>1 0 0  0 0.819152117 0.573576391  0 -0.573576391 0.819152117  0.189999998 -0.089999996 0.049999997</localPose>
              <group>14</group>
              <materialIndex>16</materialIndex>
              <skinWidth>0.025</skinWidth>
              <NxGroupsMask id="groupsMask"/>
            </NxShapeDesc>
          </NxBoxShapeDesc>
        </NxActorDesc>
        <NxActorDesc id="Actor_18" userProperties="_castType_2_objType_2_objIndex_34" hasBody="true" name="CracksType">
          <globalPose>0.953237236 0.302222729 0.000325009  -0.000368908 0.000088753 0.999999344  0.302222669 -0.953236759 0.000196122  47.968235016 0.233822912 44.669525146</globalPose>
          <NxBodyDesc id="body">
            <massLocalPose>0.967582047 -0.163171083 0.192769721  0.12034639 0.968927801 0.216091961  -0.222039893 -0.185887575 0.957154155  0.17249997 0.056071427 0.014285713</massLocalPose>
            <massSpaceInertia>0.230871752 0.060346987 0.238580048</massSpaceInertia>
            <mass>14.999999046</mass>
            <wakeUpCounter>0</wakeUpCounter>
            <maxAngularVelocity>7</maxAngularVelocity>
            <sleepLinearVelocity>0.150000006</sleepLinearVelocity>
            <sleepAngularVelocity>0.140000001</sleepAngularVelocity>
          </NxBodyDesc>
          <group>2</group>
          <NxBoxShapeDesc dimensions="0.07 0.129999995 0.07">
            <NxShapeDesc>
              <localPose>1 0 0  0 1 0  0 0 1  0.189999998 0.089999996 0</localPose>
              <group>14</group>
              <materialIndex>16</materialIndex>
              <skinWidth>0.025</skinWidth>
              <NxGroupsMask id="groupsMask"/>
            </NxShapeDesc>
          </NxBoxShapeDesc>
          <NxBoxShapeDesc dimensions="0.07 0.07 0.07">
            <NxShapeDesc>
              <localPose>1 0 0  0 1 0  0 0 1  0.119999997 0.159999996 0</localPose>
              <group>14</group>
              <materialIndex>16</materialIndex>
              <skinWidth>0.025</skinWidth>
              <NxGroupsMask id="groupsMask"/>
            </NxShapeDesc>
          </NxBoxShapeDesc>
          <NxBoxShapeDesc dimensions="0.07 0.079999998 0.07">
            <NxShapeDesc>
              <localPose>1 0 0  0 0.819152117 0.573576391  0 -0.573576391 0.819152117  0.189999998 -0.089999996 0.049999997</localPose>
              <group>14</group>
              <materialIndex>16</materialIndex>
              <skinWidth>0.025</skinWidth>
              <NxGroupsMask id="groupsMask"/>
            </NxShapeDesc>
          </NxBoxShapeDesc>
        </NxActorDesc>
        <NxActorDesc id="Actor_19" userProperties="_castType_2_objType_2_objIndex_35" hasBody="true" name="CracksType">
          <globalPose>0.000053346 0.879418731 0.476049185  -1 -0.000013709 0.000137463  0.000127405 -0.476049185 0.879418671  55.120323181 2.080160379 -6.245738506</globalPose>
          <NxBodyDesc id="body">
            <massLocalPose>0.967582047 -0.163171083 0.192769721  0.12034639 0.968927801 0.216091961  -0.222039893 -0.185887575 0.957154155  0.17249997 0.056071427 0.014285713</massLocalPose>
            <massSpaceInertia>0.230871752 0.060346987 0.238580048</massSpaceInertia>
            <mass>14.999999046</mass>
            <wakeUpCounter>0</wakeUpCounter>
            <maxAngularVelocity>7</maxAngularVelocity>
            <sleepLinearVelocity>0.150000006</sleepLinearVelocity>
            <sleepAngularVelocity>0.140000001</sleepAngularVelocity>
          </NxBodyDesc>
          <group>2</group>
          <NxBoxShapeDesc dimensions="0.07 0.129999995 0.07">
            <NxShapeDesc>
              <localPose>1 0 0  0 1 0  0 0 1  0.189999998 0.089999996 0</localPose>
              <group>14</group>
              <materialIndex>16</materialIndex>
              <skinWidth>0.025</skinWidth>
              <NxGroupsMask id="groupsMask"/>
            </NxShapeDesc>
          </NxBoxShapeDesc>
          <NxBoxShapeDesc dimensions="0.07 0.07 0.07">
            <NxShapeDesc>
              <localPose>1 0 0  0 1 0  0 0 1  0.119999997 0.159999996 0</localPose>
              <group>14</group>
              <materialIndex>16</materialIndex>
              <skinWidth>0.025</skinWidth>
              <NxGroupsMask id="groupsMask"/>
            </NxShapeDesc>
          </NxBoxShapeDesc>
          <NxBoxShapeDesc dimensions="0.07 0.079999998 0.07">
