  <NXUSTREAM2>
    <NxuPhysicsCollection id="saves/save014/egorov_kamaz/egorov_kamaz_1.xml" sdkVersion="272" nxuVersion="103">
      <NxPhysicsSDKDesc id="SDK"/>
      <NxSceneDesc id="Scene_0">
        <NxGroupsMask id="groupMask0"/>
        <NxGroupsMask id="groupMask1"/>
        <NxSceneLimits id="limits"/>
        <NxActorDesc id="Actor_0" userProperties="_castType_2_objType_1_objIndex_503" hasBody="true" name="testActorName">
          <globalPose>-1.000000477 -0.000000002 -0.000000057  -0.000000002 1 0.000000002  0.000000057 0.000000002 -1.000000477  127.919998169 0.000003376 63.690002441</globalPose>
          <NxBodyDesc id="body">
            <massLocalPose>0.8175565 0.054662619 0.573248029  0.056755353 0.982988656 -0.174677342  -0.573044658 0.175343484 0.800546408  3.333994865 -7.044564247 -3.80180335</massLocalPose>
            <massSpaceInertia>238.975723267 722.868530273 612.99395752</massSpaceInertia>
            <mass>999.999938965</mass>
            <maxAngularVelocity>7</maxAngularVelocity>
            <NxBodyFlag id="flags">
              <NX_BF_DISABLE_GRAVITY>false</NX_BF_DISABLE_GRAVITY>
              <NX_BF_FROZEN_POS_X>false</NX_BF_FROZEN_POS_X>
              <NX_BF_FROZEN_POS_Y>false</NX_BF_FROZEN_POS_Y>
              <NX_BF_FROZEN_POS_Z>false</NX_BF_FROZEN_POS_Z>
              <NX_BF_FROZEN_ROT_X>false</NX_BF_FROZEN_ROT_X>
              <NX_BF_FROZEN_ROT_Y>false</NX_BF_FROZEN_ROT_Y>
              <NX_BF_FROZEN_ROT_Z>false</NX_BF_FROZEN_ROT_Z>
              <NX_BF_KINEMATIC>true</NX_BF_KINEMATIC>
              <NX_BF_VISUALIZATION>true</NX_BF_VISUALIZATION>
              <NX_BF_POSE_SLEEP_TEST>false</NX_BF_POSE_SLEEP_TEST>
              <NX_BF_FILTER_SLEEP_VEL>false</NX_BF_FILTER_SLEEP_VEL>
              <NX_BF_ENERGY_SLEEP_TEST>true</NX_BF_ENERGY_SLEEP_TEST>
            </NxBodyFlag>
            <sleepLinearVelocity>0.150000006</sleepLinearVelocity>
            <sleepAngularVelocity>0.140000001</sleepAngularVelocity>
          </NxBodyDesc>
          <group>2</group>
          <NxBoxShapeDesc dimensions="0.75999999 0.189999998 0.669999957">
            <NxShapeDesc>
              <localPose>0.743144691 0.000000227 -0.669130862  -0.000000202 1 0.000000115  0.669130862 0.00000005 0.743144691  2.001839876 -7.180001736 -2.178215981</localPose>
              <NxShapeFlag id="shapeFlags">
                <NX_TRIGGER_ON_ENTER>true</NX_TRIGGER_ON_ENTER>
                <NX_TRIGGER_ON_LEAVE>true</NX_TRIGGER_ON_LEAVE>
                <NX_TRIGGER_ON_STAY>true</NX_TRIGGER_ON_STAY>
                <NX_SF_VISUALIZATION>true</NX_SF_VISUALIZATION>
                <NX_SF_DISABLE_COLLISION>false</NX_SF_DISABLE_COLLISION>
                <NX_SF_FEATURE_INDICES>false</NX_SF_FEATURE_INDICES>
                <NX_SF_DISABLE_RAYCASTING>false</NX_SF_DISABLE_RAYCASTING>
                <NX_SF_POINT_CONTACT_FORCE>false</NX_SF_POINT_CONTACT_FORCE>
                <NX_SF_FLUID_DRAIN>false</NX_SF_FLUID_DRAIN>
                <NX_SF_FLUID_DISABLE_COLLISION>false</NX_SF_FLUID_DISABLE_COLLISION>
                <NX_SF_FLUID_TWOWAY>false</NX_SF_FLUID_TWOWAY>
                <NX_SF_DISABLE_RESPONSE>false</NX_SF_DISABLE_RESPONSE>
                <NX_SF_DYNAMIC_DYNAMIC_CCD>false</NX_SF_DYNAMIC_DYNAMIC_CCD>
                <NX_SF_DISABLE_SCENE_QUERIES>false</NX_SF_DISABLE_SCENE_QUERIES>
                <NX_SF_CLOTH_DRAIN>false</NX_SF_CLOTH_DRAIN>
                <NX_SF_CLOTH_DISABLE_COLLISION>false</NX_SF_CLOTH_DISABLE_COLLISION>
                <NX_SF_CLOTH_TWOWAY>false</NX_SF_CLOTH_TWOWAY>
                <NX_SF_SOFTBODY_DRAIN>false</NX_SF_SOFTBODY_DRAIN>
                <NX_SF_SOFTBODY_DISABLE_COLLISION>false</NX_SF_SOFTBODY_DISABLE_COLLISION>
                <NX_SF_SOFTBODY_TWOWAY>false</NX_SF_SOFTBODY_TWOWAY>
              </NxShapeFlag>
              <group>2</group>
              <materialIndex>14</materialIndex>
              <skinWidth>0.025</skinWidth>
              <NxGroupsMask id="groupsMask"/>
            </NxShapeDesc>
          </NxBoxShapeDesc>
          <NxBoxShapeDesc dimensions="0.669999957 0.280000001 0.299999982">
            <NxShapeDesc>
              <localPose>0.656058669 0.000000218 0.754710078  -0.000000123 1 -0.000000182  -0.754710078 0.000000026 0.656058669  3.141839743 -7.020001888 -2.86821866</localPose>
              <group>2</group>
              <materialIndex>14</materialIndex>
              <skinWidth>0.025</skinWidth>
              <NxGroupsMask id="groupsMask"/>
            </NxShapeDesc>
          </NxBoxShapeDesc>
          <NxBoxShapeDesc dimensions="0.189999998 0.579999983 1.179999948">
            <NxShapeDesc>
              <localPose>0.754709482 0.000000227 -0.656059265  -0.000000204 1 0.000000111  0.656059265 0.00000005 0.754709482  2.231835604 -6.950002193 -2.89821744</localPose>
              <group>2</group>
              <materialIndex>14</materialIndex>
              <skinWidth>0.025</skinWidth>
              <NxGroupsMask id="groupsMask"/>
            </NxShapeDesc>
          </NxBoxShapeDesc>
          <NxBoxShapeDesc dimensions="0.359999985 0.370000005 0.170000002">
            <NxShapeDesc>
              <localPose>0.656058669 0.000000218 0.754710078  -0.000000123 1 -0.000000182  -0.754710078 0.000000026 0.656058669  3.571840286 -7.070002079 -2.698212624</localPose>
              <group>2</group>
              <materialIndex>14</materialIndex>
              <skinWidth>0.025</skinWidth>
              <NxGroupsMask id="groupsMask"/>
            </NxShapeDesc>
          </NxBoxShapeDesc>
        </NxActorDesc>
        <NxActorDesc id="Actor_1" userProperties="_castType_2_objType_1_objIndex_511" hasBody="true" name="testActorName">
          <globalPose>0.921061039 0 -0.389418215  0 1 0  0.389418215 0 0.921061039  157.800003052 -6.96999979 211.88999939</globalPose>
          <NxBodyDesc id="body">
            <massLocalPose>1 0 0  0 1 0  0 0 1  0.719999969 1.24000001 0</massLocalPose>
            <massSpaceInertia>25.708330154 8.721665382 34.266674042</massSpaceInertia>
            <mass>50</mass>
            <wakeUpCounter>0</wakeUpCounter>
            <maxAngularVelocity>7</maxAngularVelocity>
            <NxBodyFlag id="flags">
              <NX_BF_DISABLE_GRAVITY>false</NX_BF_DISABLE_GRAVITY>
              <NX_BF_FROZEN_POS_X>false</NX_BF_FROZEN_POS_X>
              <NX_BF_FROZEN_POS_Y>false</NX_BF_FROZEN_POS_Y>
              <NX_BF_FROZEN_POS_Z>false</NX_BF_FROZEN_POS_Z>
              <NX_BF_FROZEN_ROT_X>false</NX_BF_FROZEN_ROT_X>
              <NX_BF_FROZEN_ROT_Y>false</NX_BF_FROZEN_ROT_Y>
              <NX_BF_FROZEN_ROT_Z>false</NX_BF_FROZEN_ROT_Z>
              <NX_BF_KINEMATIC>true</NX_BF_KINEMATIC>
              <NX_BF_VISUALIZATION>true</NX_BF_VISUALIZATION>
              <NX_BF_POSE_SLEEP_TEST>false</NX_BF_POSE_SLEEP_TEST>
              <NX_BF_FILTER_SLEEP_VEL>false</NX_BF_FILTER_SLEEP_VEL>
              <NX_BF_ENERGY_SLEEP_TEST>true</NX_BF_ENERGY_SLEEP_TEST>
            </NxBodyFlag>
            <sleepLinearVelocity>0.150000006</sleepLinearVelocity>
            <sleepAngularVelocity>0.140000001</sleepAngularVelocity>
          </NxBodyDesc>
          <group>2</group>
          <NxBoxShapeDesc dimensions="0.719999969 1.24000001 0.07">
            <NxShapeDesc>
              <localPose>1 0 0  0 1 0  0 0 1  0.719999969 1.24000001 0</localPose>
              <group>2</group>
              <materialIndex>14</materialIndex>
              <skinWidth>0.025</skinWidth>
              <NxGroupsMask id="groupsMask"/>
            </NxShapeDesc>
          </NxBoxShapeDesc>
        </NxActorDesc>
        <NxActorDesc id="Actor_2" userProperties="_castType_2_objType_1_objIndex_509" hasBody="true" name="testActorName">
          <globalPose>1 0 0  0 1 0  0 0 1  140.13999939 -5.5 209.029998779</globalPose>
          <NxBodyDesc id="body">
            <massLocalPose>1 0 -0.000056087  0 1 0  0.000056087 0 1  2.474515915 0 -0.138225883</massLocalPose>
            <massSpaceInertia>238.74508667 217.027770996 453.663665771</massSpaceInertia>
            <mass>101</mass>
            <maxAngularVelocity>7</maxAngularVelocity>
            <NxBodyFlag id="flags">
              <NX_BF_DISABLE_GRAVITY>false</NX_BF_DISABLE_GRAVITY>
              <NX_BF_FROZEN_POS_X>false</NX_BF_FROZEN_POS_X>
              <NX_BF_FROZEN_POS_Y>false</NX_BF_FROZEN_POS_Y>
              <NX_BF_FROZEN_POS_Z>false</NX_BF_FROZEN_POS_Z>
              <NX_BF_FROZEN_ROT_X>false</NX_BF_FROZEN_ROT_X>
              <NX_BF_FROZEN_ROT_Y>false</NX_BF_FROZEN_ROT_Y>
              <NX_BF_FROZEN_ROT_Z>false</NX_BF_FROZEN_ROT_Z>
              <NX_BF_KINEMATIC>true</NX_BF_KINEMATIC>
              <NX_BF_VISUALIZATION>true</NX_BF_VISUALIZATION>
              <NX_BF_POSE_SLEEP_TEST>false</NX_BF_POSE_SLEEP_TEST>
              <NX_BF_FILTER_SLEEP_VEL>false</NX_BF_FILTER_SLEEP_VEL>
              <NX_BF_ENERGY_SLEEP_TEST>true</NX_BF_ENERGY_SLEEP_TEST>
            </NxBodyFlag>
            <sleepLinearVelocity>0.150000006</sleepLinearVelocity>
            <sleepAngularVelocity>0.140000001</sleepAngularVelocity>
          </NxBodyDesc>
          <group>2</group>
          <NxBoxShapeDesc dimensions="2.529999971 2.700000048 0.199999988">
            <NxShapeDesc>
              <localPose>0.000000536 -0.000000044 0.999999881  -0 1 0.000000044  -0.999999881 -0 0.000000536  -0.130004883 0 -2.480010986</localPose>
              <group>2</group>
              <materialIndex>14</materialIndex>
              <skinWidth>0.025</skinWidth>
              <NxGroupsMask id="groupsMask"/>
            </NxShapeDesc>
          </NxBoxShapeDesc>
          <NxBoxShapeDesc dimensions="2.539999962 2.539999962 0.079999998">
            <NxShapeDesc>
              <localPose>0.000000536 -0.000000044 0.999999881  -0 1 0.000000044  -0.999999881 -0 0.000000536  -0.160003662 0 -2.460006714</localPose>
              <NxShapeFlag id="shapeFlags">
                <NX_TRIGGER_ON_ENTER>true</NX_TRIGGER_ON_ENTER>
                <NX_TRIGGER_ON_LEAVE>true</NX_TRIGGER_ON_LEAVE>
                <NX_TRIGGER_ON_STAY>true</NX_TRIGGER_ON_STAY>
                <NX_SF_VISUALIZATION>true</NX_SF_VISUALIZATION>
                <NX_SF_DISABLE_COLLISION>false</NX_SF_DISABLE_COLLISION>
                <NX_SF_FEATURE_INDICES>false</NX_SF_FEATURE_INDICES>
                <NX_SF_DISABLE_RAYCASTING>false</NX_SF_DISABLE_RAYCASTING>
                <NX_SF_POINT_CONTACT_FORCE>false</NX_SF_POINT_CONTACT_FORCE>
                <NX_SF_FLUID_DRAIN>false</NX_SF_FLUID_DRAIN>
                <NX_SF_FLUID_DISABLE_COLLISION>false</NX_SF_FLUID_DISABLE_COLLISION>
                <NX_SF_FLUID_TWOWAY>false</NX_SF_FLUID_TWOWAY>
                <NX_SF_DISABLE_RESPONSE>false</NX_SF_DISABLE_RESPONSE>
                <NX_SF_DYNAMIC_DYNAMIC_CCD>false</NX_SF_DYNAMIC_DYNAMIC_CCD>
                <NX_SF_DISABLE_SCENE_QUERIES>false</NX_SF_DISABLE_SCENE_QUERIES>
                <NX_SF_CLOTH_DRAIN>false</NX_SF_CLOTH_DRAIN>
                <NX_SF_CLOTH_DISABLE_COLLISION>false</NX_SF_CLOTH_DISABLE_COLLISION>
                <NX_SF_CLOTH_TWOWAY>false</NX_SF_CLOTH_TWOWAY>
                <NX_SF_SOFTBODY_DRAIN>false</NX_SF_SOFTBODY_DRAIN>
                <NX_SF_SOFTBODY_DISABLE_COLLISION>false</NX_SF_SOFTBODY_DISABLE_COLLISION>
                <NX_SF_SOFTBODY_TWOWAY>false</NX_SF_SOFTBODY_TWOWAY>
              </NxShapeFlag>
              <group>2</group>
              <materialIndex>14</materialIndex>
              <skinWidth>0.025</skinWidth>
              <NxGroupsMask id="groupsMask"/>
            </NxShapeDesc>
          </NxBoxShapeDesc>
        </NxActorDesc>
        <NxActorDesc id="Actor_3" userProperties="_castType_2_objType_1_objIndex_5" hasBody="true" name="testActorName">
          <globalPose>1 0 0  0 1 0  0 0 1  887.256958008 -8.866950989 545.392272949</globalPose>
          <NxBodyDesc id="body">
            <massLocalPose>1 0 0  0 1 0  0 0 1  0.000000076 -0.000000038 -0.000000114</massLocalPose>
            <massSpaceInertia>11.600001335 79.010002136 77.090003967</massSpaceInertia>
            <mass>300</mass>
            <wakeUpCounter>0</wakeUpCounter>
            <maxAngularVelocity>7</maxAngularVelocity>
            <sleepLinearVelocity>0.150000006</sleepLinearVelocity>
            <sleepAngularVelocity>0.140000001</sleepAngularVelocity>
          </NxBodyDesc>
          <group>2</group>
          <NxBoxShapeDesc dimensions="0.849999964 0.219999999 0.25999999">
            <NxShapeDesc>
              <localPose>1 0 0  0 1 0  0 0 1  0.000000076 -0.000000038 -0.000000114</localPose>
              <group>2</group>
              <materialIndex>22</materialIndex>
              <skinWidth>0.025</skinWidth>
              <NxGroupsMask id="groupsMask"/>
            </NxShapeDesc>
          </NxBoxShapeDesc>
          <dominanceGroup>3</dominanceGroup>
        </NxActorDesc>
        <NxActorDesc id="Actor_4" userProperties="_castType_2_objType_1_objIndex_6" hasBody="true" name="testActorName">
          <globalPose>1 0 0  0 1 0  0 0 1  887.256958008 -8.866950989 544.381225586</globalPose>
          <NxBodyDesc id="body">
            <massLocalPose>1 0 0  0 1 0  0 0 1  0.000000076 -0.000000038 -0.000000114</massLocalPose>
            <massSpaceInertia>11.600001335 79.010002136 77.090003967</massSpaceInertia>
            <mass>300</mass>
            <wakeUpCounter>0</wakeUpCounter>
            <maxAngularVelocity>7</maxAngularVelocity>
            <sleepLinearVelocity>0.150000006</sleepLinearVelocity>
            <sleepAngularVelocity>0.140000001</sleepAngularVelocity>
          </NxBodyDesc>
          <group>2</group>
          <NxBoxShapeDesc dimensions="0.849999964 0.219999999 0.25999999">
            <NxShapeDesc>
              <localPose>1 0 0  0 1 0  0 0 1  0.000000076 -0.000000038 -0.000000114</localPose>
              <group>2</group>
              <materialIndex>22</materialIndex>
              <skinWidth>0.025</skinWidth>
              <NxGroupsMask id="groupsMask"/>
            </NxShapeDesc>
          </NxBoxShapeDesc>
          <dominanceGroup>3</dominanceGroup>
        </NxActorDesc>
        <NxActorDesc id="Actor_5" userProperties="_castType_2_objType_1_objIndex_7" hasBody="true" name="testActorName">
          <globalPose>0.139172971 0 0.990268111  0 1 0  -0.990268111 0 0.139172971  628.929992676 -7.960000038 581.959960938</globalPose>
          <NxBodyDesc id="body">
            <massLocalPose>1 0 0  0 1 0  0 0 1  0.000000114 -0.000000069 -0.000000172</massLocalPose>
            <massSpaceInertia>30.891599655 177.772491455 178.244094849</massSpaceInertia>
            <mass>300</mass>
            <wakeUpCounter>0</wakeUpCounter>
            <maxAngularVelocity>7</maxAngularVelocity>
            <NxBodyFlag id="flags">
              <NX_BF_DISABLE_GRAVITY>false</NX_BF_DISABLE_GRAVITY>
              <NX_BF_FROZEN_POS_X>false</NX_BF_FROZEN_POS_X>
              <NX_BF_FROZEN_POS_Y>false</NX_BF_FROZEN_POS_Y>
              <NX_BF_FROZEN_POS_Z>false</NX_BF_FROZEN_POS_Z>
              <NX_BF_FROZEN_ROT_X>false</NX_BF_FROZEN_ROT_X>
              <NX_BF_FROZEN_ROT_Y>false</NX_BF_FROZEN_ROT_Y>
              <NX_BF_FROZEN_ROT_Z>false</NX_BF_FROZEN_ROT_Z>
              <NX_BF_KINEMATIC>true</NX_BF_KINEMATIC>
              <NX_BF_VISUALIZATION>true</NX_BF_VISUALIZATION>
              <NX_BF_POSE_SLEEP_TEST>false</NX_BF_POSE_SLEEP_TEST>
              <NX_BF_FILTER_SLEEP_VEL>false</NX_BF_FILTER_SLEEP_VEL>
              <NX_BF_ENERGY_SLEEP_TEST>true</NX_BF_ENERGY_SLEEP_TEST>
            </NxBodyFlag>
            <sleepLinearVelocity>0.150000006</sleepLinearVelocity>
            <sleepAngularVelocity>0.140000001</sleepAngularVelocity>
          </NxBodyDesc>
          <group>2</group>
          <NxBoxShapeDesc dimensions="1.274999976 0.395999968 0.389999986">
            <NxShapeDesc>
              <localPose>1 0 0  0 1 0  0 0 1  0.000000114 -0.000000069 -0.000000172</localPose>
              <group>2</group>
              <materialIndex>22</materialIndex>
              <skinWidth>0.025</skinWidth>
              <NxGroupsMask id="groupsMask"/>
            </NxShapeDesc>
          </NxBoxShapeDesc>
        </NxActorDesc>
        <NxActorDesc id="Actor_6" userProperties="_castType_2_objType_1_objIndex_9" hasBody="true" name="testActorName">
          <globalPose>0.342019975 0 0.939692676  0 1 0  -0.939692676 0 0.342019975  596.709960938 -7.899999619 578</globalPose>
          <NxBodyDesc id="body">
            <massLocalPose>1 0 0  0 1 0  0 0 1  0.000000114 -0.000000072 -0.000000172</massLocalPose>
            <massSpaceInertia>32.682395935 177.772506714 180.034896851</massSpaceInertia>
            <mass>300</mass>
            <wakeUpCounter>0</wakeUpCounter>
            <maxAngularVelocity>7</maxAngularVelocity>
            <NxBodyFlag id="flags">
              <NX_BF_DISABLE_GRAVITY>false</NX_BF_DISABLE_GRAVITY>
              <NX_BF_FROZEN_POS_X>false</NX_BF_FROZEN_POS_X>
              <NX_BF_FROZEN_POS_Y>false</NX_BF_FROZEN_POS_Y>
              <NX_BF_FROZEN_POS_Z>false</NX_BF_FROZEN_POS_Z>
              <NX_BF_FROZEN_ROT_X>false</NX_BF_FROZEN_ROT_X>
              <NX_BF_FROZEN_ROT_Y>false</NX_BF_FROZEN_ROT_Y>
              <NX_BF_FROZEN_ROT_Z>false</NX_BF_FROZEN_ROT_Z>
              <NX_BF_KINEMATIC>true</NX_BF_KINEMATIC>
              <NX_BF_VISUALIZATION>true</NX_BF_VISUALIZATION>
              <NX_BF_POSE_SLEEP_TEST>false</NX_BF_POSE_SLEEP_TEST>
              <NX_BF_FILTER_SLEEP_VEL>false</NX_BF_FILTER_SLEEP_VEL>
              <NX_BF_ENERGY_SLEEP_TEST>true</NX_BF_ENERGY_SLEEP_TEST>
            </NxBodyFlag>
            <sleepLinearVelocity>0.150000006</sleepLinearVelocity>
            <sleepAngularVelocity>0.140000001</sleepAngularVelocity>
          </NxBodyDesc>
          <group>2</group>
          <NxBoxShapeDesc dimensions="1.274999976 0.417999983 0.389999986">
            <NxShapeDesc>
              <localPose>1 0 0  0 1 0  0 0 1  0.000000114 -0.000000072 -0.000000172</localPose>
              <group>2</group>
              <materialIndex>22</materialIndex>
              <skinWidth>0.025</skinWidth>
              <NxGroupsMask id="groupsMask"/>
            </NxShapeDesc>
          </NxBoxShapeDesc>
        </NxActorDesc>
        <NxActorDesc id="Actor_7" userProperties="_castType_2_objType_1_objIndex_13" hasBody="true" name="testActorName">
          <globalPose>1 -0.000000962 0.000003508  0.000000962 1 0.00000138  -0.000003508 -0.00000138 1  331.75 -8.192914963 515.409973145</globalPose>
          <NxBodyDesc id="body">
            <massLocalPose>0.941197097 0 0.337857991  0 1 0  -0.337857991 0 0.941197097  -0.02561702 0 0.014297873</massLocalPose>
            <massSpaceInertia>5.361905098 10.581595421 6.083690166</massSpaceInertia>
            <mass>40</mass>
            <wakeUpCounter>0</wakeUpCounter>
            <maxAngularVelocity>7</maxAngularVelocity>
            <sleepLinearVelocity>0.150000006</sleepLinearVelocity>
            <sleepAngularVelocity>0.140000001</sleepAngularVelocity>
          </NxBodyDesc>
          <group>2</group>
          <NxBoxShapeDesc dimensions="0.129999995 0.179999992 0.340000004">
            <NxShapeDesc>
              <localPose>1 0 0  0 1 0  0 0 1  -0.469999999 0 0</localPose>
              <group>2</group>
              <materialIndex>20</materialIndex>
              <skinWidth>0.025</skinWidth>
              <NxGroupsMask id="groupsMask"/>
            </NxShapeDesc>
          </NxBoxShapeDesc>
          <NxBoxShapeDesc dimensions="0.129999995 0.179999992 0.340000004">
            <NxShapeDesc>
              <localPose>1 0 0  0 1 0  0 0 1  0.469999999 0 0</localPose>
              <group>2</group>
              <materialIndex>20</materialIndex>
              <skinWidth>0.025</skinWidth>
              <NxGroupsMask id="groupsMask"/>
            </NxShapeDesc>
          </NxBoxShapeDesc>
          <NxBoxShapeDesc dimensions="0.340000004 0.179999992 0.129999995">
            <NxShapeDesc>
              <localPose>0.848048091 0 0.529919267  0 1 0  -0.529919267 0 0.848048091  -0.25 0 -0.399999976</localPose>
              <group>2</group>
              <materialIndex>20</materialIndex>
              <skinWidth>0.025</skinWidth>
              <NxGroupsMask id="groupsMask"/>
            </NxShapeDesc>
          </NxBoxShapeDesc>
          <NxBoxShapeDesc dimensions="0.340000004 0.179999992 0.129999995">
            <NxShapeDesc>
              <localPose>0.848048091 0 -0.529919267  0 1 0  0.529919267 0 0.848048091  -0.25 0 0.399999976</localPose>
              <group>2</group>
              <materialIndex>20</materialIndex>
              <skinWidth>0.025</skinWidth>
              <NxGroupsMask id="groupsMask"/>
            </NxShapeDesc>
          </NxBoxShapeDesc>
          <NxBoxShapeDesc dimensions="0.340000004 0.179999992 0.129999995">
            <NxShapeDesc>
              <localPose>0.848048091 0 0.529919267  0 1 0  -0.529919267 0 0.848048091  0.25 0 0.399999976</localPose>
              <group>2</group>
              <materialIndex>20</materialIndex>
              <skinWidth>0.025</skinWidth>
              <NxGroupsMask id="groupsMask"/>
            </NxShapeDesc>
          </NxBoxShapeDesc>
          <NxBoxShapeDesc dimensions="0.340000004 0.179999992 0.129999995">
            <NxShapeDesc>
              <localPose>0.848048091 0 -0.529919267  0 1 0  0.529919267 0 0.848048091  0.25 0 -0.399999976</localPose>
              <group>2</group>
              <materialIndex>20</materialIndex>
              <skinWidth>0.025</skinWidth>
              <NxGroupsMask id="groupsMask"/>
            </NxShapeDesc>
          </NxBoxShapeDesc>
          <NxBoxShapeDesc dimensions="0.140000001 0.179999992 0.119999997">
            <NxShapeDesc>
              <localPose>0.484809577 0 -0.874619782  0 1 0  0.874619782 0 0.484809577  -0.429999977 0 0.239999995</localPose>
              <group>2</group>
              <materialIndex>20</materialIndex>
              <skinWidth>0.025</skinWidth>
              <NxGroupsMask id="groupsMask"/>
            </NxShapeDesc>
          </NxBoxShapeDesc>
          <dominanceGroup>2</dominanceGroup>
        </NxActorDesc>
        <NxActorDesc id="Actor_8" userProperties="_castType_2_objType_1_objIndex_14" hasBody="true" name="testActorName">
          <globalPose>0.977438331 -0.000000218 -0.211221129  0.000000221 1 -0.00000001  0.211221129 -0.000000036 0.977438331  146.366149902 -8.192914009 108.783447266</globalPose>
          <NxBodyDesc id="body">
            <massLocalPose>0.941197097 0 0.337857991  0 1 0  -0.337857991 0 0.941197097  -0.02561702 0 0.014297873</massLocalPose>
            <massSpaceInertia>5.361905098 10.581595421 6.083690166</massSpaceInertia>
            <mass>40</mass>
            <wakeUpCounter>0</wakeUpCounter>
            <maxAngularVelocity>7</maxAngularVelocity>
            <sleepLinearVelocity>0.150000006</sleepLinearVelocity>
            <sleepAngularVelocity>0.140000001</sleepAngularVelocity>
          </NxBodyDesc>
          <group>2</group>
          <NxBoxShapeDesc dimensions="0.129999995 0.179999992 0.340000004">
            <NxShapeDesc>
              <localPose>1 0 0  0 1 0  0 0 1  -0.469999999 0 0</localPose>
              <group>2</group>
              <materialIndex>20</materialIndex>
              <skinWidth>0.025</skinWidth>
              <NxGroupsMask id="groupsMask"/>
            </NxShapeDesc>
          </NxBoxShapeDesc>
          <NxBoxShapeDesc dimensions="0.129999995 0.179999992 0.340000004">
            <NxShapeDesc>
              <localPose>1 0 0  0 1 0  0 0 1  0.469999999 0 0</localPose>
              <group>2</group>
              <materialIndex>20</materialIndex>
              <skinWidth>0.025</skinWidth>
              <NxGroupsMask id="groupsMask"/>
            </NxShapeDesc>
          </NxBoxShapeDesc>
          <NxBoxShapeDesc dimensions="0.340000004 0.179999992 0.129999995">
            <NxShapeDesc>
              <localPose>0.848048091 0 0.529919267  0 1 0  -0.529919267 0 0.848048091  -0.25 0 -0.399999976</localPose>
              <group>2</group>
              <materialIndex>20</materialIndex>
              <skinWidth>0.025</skinWidth>
              <NxGroupsMask id="groupsMask"/>
            </NxShapeDesc>
          </NxBoxShapeDesc>
          <NxBoxShapeDesc dimensions="0.340000004 0.179999992 0.129999995">
            <NxShapeDesc>
              <localPose>0.848048091 0 -0.529919267  0 1 0  0.529919267 0 0.848048091  -0.25 0 0.399999976</localPose>
              <group>2</group>
              <materialIndex>20</materialIndex>
              <skinWidth>0.025</skinWidth>
              <NxGroupsMask id="groupsMask"/>
            </NxShapeDesc>
          </NxBoxShapeDesc>
          <NxBoxShapeDesc dimensions="0.340000004 0.179999992 0.129999995">
            <NxShapeDesc>
              <localPose>0.848048091 0 0.529919267  0 1 0  -0.529919267 0 0.848048091  0.25 0 0.399999976</localPose>
              <group>2</group>
              <materialIndex>20</materialIndex>
              <skinWidth>0.025</skinWidth>
              <NxGroupsMask id="groupsMask"/>
            </NxShapeDesc>
          </NxBoxShapeDesc>
          <NxBoxShapeDesc dimensions="0.340000004 0.179999992 0.129999995">
            <NxShapeDesc>
              <localPose>0.848048091 0 -0.529919267  0 1 0  0.529919267 0 0.848048091  0.25 0 -0.399999976</localPose>
              <group>2</group>
              <materialIndex>20</materialIndex>
              <skinWidth>0.025</skinWidth>
              <NxGroupsMask id="groupsMask"/>
            </NxShapeDesc>
          </NxBoxShapeDesc>
          <NxBoxShapeDesc dimensions="0.140000001 0.179999992 0.119999997">
            <NxShapeDesc>
              <localPose>0.484809577 0 -0.874619782  0 1 0  0.874619782 0 0.484809577  -0.429999977 0 0.239999995</localPose>
              <group>2</group>
              <materialIndex>20</materialIndex>
              <skinWidth>0.025</skinWidth>
              <NxGroupsMask id="groupsMask"/>
            </NxShapeDesc>
          </NxBoxShapeDesc>
          <dominanceGroup>2</dominanceGroup>
        </NxActorDesc>
        <NxActorDesc id="Actor_9" userProperties="_castType_2_objType_1_objIndex_15" hasBody="true" name="testActorName">
          <globalPose>1 0 0  0 1 0  0 0 1  147.830001831 -7.909999847 233.129989624</globalPose>
          <NxBodyDesc id="body">
            <massLocalPose>1 0 0  0 1 0  0 0 1  0.000000114 -0.000000057 -0.000000172</massLocalPose>
            <massSpaceInertia>26.099998474 177.772491455 173.452484131</massSpaceInertia>
            <mass>300</mass>
            <wakeUpCounter>0</wakeUpCounter>
            <maxAngularVelocity>7</maxAngularVelocity>
            <NxBodyFlag id="flags">
              <NX_BF_DISABLE_GRAVITY>false</NX_BF_DISABLE_GRAVITY>
              <NX_BF_FROZEN_POS_X>false</NX_BF_FROZEN_POS_X>
              <NX_BF_FROZEN_POS_Y>false</NX_BF_FROZEN_POS_Y>
              <NX_BF_FROZEN_POS_Z>false</NX_BF_FROZEN_POS_Z>
              <NX_BF_FROZEN_ROT_X>false</NX_BF_FROZEN_ROT_X>
              <NX_BF_FROZEN_ROT_Y>false</NX_BF_FROZEN_ROT_Y>
              <NX_BF_FROZEN_ROT_Z>false</NX_BF_FROZEN_ROT_Z>
              <NX_BF_KINEMATIC>true</NX_BF_KINEMATIC>
              <NX_BF_VISUALIZATION>true</NX_BF_VISUALIZATION>
              <NX_BF_POSE_SLEEP_TEST>false</NX_BF_POSE_SLEEP_TEST>
              <NX_BF_FILTER_SLEEP_VEL>false</NX_BF_FILTER_SLEEP_VEL>
              <NX_BF_ENERGY_SLEEP_TEST>true</NX_BF_ENERGY_SLEEP_TEST>
            </NxBodyFlag>
            <sleepLinearVelocity>0.150000006</sleepLinearVelocity>
            <sleepAngularVelocity>0.140000001</sleepAngularVelocity>
          </NxBodyDesc>
          <group>2</group>
          <NxBoxShapeDesc dimensions="1.274999976 0.329999983 0.389999986">
            <NxShapeDesc>
              <localPose>1 0 0  0 1 0  0 0 1  0.000000114 -0.000000057 -0.000000172</localPose>
              <group>2</group>
              <materialIndex>22</materialIndex>
              <skinWidth>0.025</skinWidth>
              <NxGroupsMask id="groupsMask"/>
            </NxShapeDesc>
          </NxBoxShapeDesc>
        </NxActorDesc>
        <NxActorDesc id="Actor_10" userProperties="_castType_2_objType_1_objIndex_17" hasBody="true" name="testActorName">
          <globalPose>0.104528427 0 0.994521916  0 1 0  -0.994521916 0 0.104528427  559.279968262 -7.839999676 569.570007324</globalPose>
          <NxBodyDesc id="body">
            <massLocalPose>1 0 0  0 1 0  0 0 1  0.000000114 -0.000000095 -0.000000172</massLocalPose>
            <massSpaceInertia>45.459999084 177.772476196 192.8125</massSpaceInertia>
            <mass>300</mass>
            <wakeUpCounter>0</wakeUpCounter>
            <maxAngularVelocity>7</maxAngularVelocity>
            <NxBodyFlag id="flags">
              <NX_BF_DISABLE_GRAVITY>false</NX_BF_DISABLE_GRAVITY>
              <NX_BF_FROZEN_POS_X>false</NX_BF_FROZEN_POS_X>
              <NX_BF_FROZEN_POS_Y>false</NX_BF_FROZEN_POS_Y>
              <NX_BF_FROZEN_POS_Z>false</NX_BF_FROZEN_POS_Z>
              <NX_BF_FROZEN_ROT_X>false</NX_BF_FROZEN_ROT_X>
              <NX_BF_FROZEN_ROT_Y>false</NX_BF_FROZEN_ROT_Y>
              <NX_BF_FROZEN_ROT_Z>false</NX_BF_FROZEN_ROT_Z>
              <NX_BF_KINEMATIC>true</NX_BF_KINEMATIC>
              <NX_BF_VISUALIZATION>true</NX_BF_VISUALIZATION>
              <NX_BF_POSE_SLEEP_TEST>false</NX_BF_POSE_SLEEP_TEST>
              <NX_BF_FILTER_SLEEP_VEL>false</NX_BF_FILTER_SLEEP_VEL>
              <NX_BF_ENERGY_SLEEP_TEST>true</NX_BF_ENERGY_SLEEP_TEST>
            </NxBodyFlag>
            <sleepLinearVelocity>0.150000006</sleepLinearVelocity>
            <sleepAngularVelocity>0.140000001</sleepAngularVelocity>
          </NxBodyDesc>
          <group>2</group>
          <NxBoxShapeDesc dimensions="1.274999976 0.550000012 0.389999986">
            <NxShapeDesc>
              <localPose>1 0 0  0 1 0  0 0 1  0.000000114 -0.000000095 -0.000000172</localPose>
              <group>2</group>
              <materialIndex>22</materialIndex>
              <skinWidth>0.025</skinWidth>
              <NxGroupsMask id="groupsMask"/>
            </NxShapeDesc>
          </NxBoxShapeDesc>
        </NxActorDesc>
        <NxActorDesc id="Actor_11" userProperties="_castType_2_objType_1_objIndex_19" hasBody="true" name="testActorName">
          <globalPose>0.500000179 0 0.866025269  0 1 0  -0.866025269 0 0.500000179  485.989990234 -7.839999676 556.899963379</globalPose>
          <NxBodyDesc id="body">
            <massLocalPose>1 0 0  0 1 0  0 0 1  0.000000114 -0.000000097 -0.000000172</massLocalPose>
            <massSpaceInertia>46.682094574 177.772491455 194.034576416</massSpaceInertia>
            <mass>300</mass>
            <wakeUpCounter>0</wakeUpCounter>
            <maxAngularVelocity>7</maxAngularVelocity>
            <NxBodyFlag id="flags">
              <NX_BF_DISABLE_GRAVITY>false</NX_BF_DISABLE_GRAVITY>
              <NX_BF_FROZEN_POS_X>false</NX_BF_FROZEN_POS_X>
              <NX_BF_FROZEN_POS_Y>false</NX_BF_FROZEN_POS_Y>
              <NX_BF_FROZEN_POS_Z>false</NX_BF_FROZEN_POS_Z>
              <NX_BF_FROZEN_ROT_X>false</NX_BF_FROZEN_ROT_X>
              <NX_BF_FROZEN_ROT_Y>false</NX_BF_FROZEN_ROT_Y>
              <NX_BF_FROZEN_ROT_Z>false</NX_BF_FROZEN_ROT_Z>
              <NX_BF_KINEMATIC>true</NX_BF_KINEMATIC>
              <NX_BF_VISUALIZATION>true</NX_BF_VISUALIZATION>
              <NX_BF_POSE_SLEEP_TEST>false</NX_BF_POSE_SLEEP_TEST>
              <NX_BF_FILTER_SLEEP_VEL>false</NX_BF_FILTER_SLEEP_VEL>
              <NX_BF_ENERGY_SLEEP_TEST>true</NX_BF_ENERGY_SLEEP_TEST>
            </NxBodyFlag>
            <sleepLinearVelocity>0.150000006</sleepLinearVelocity>
            <sleepAngularVelocity>0.140000001</sleepAngularVelocity>
          </NxBodyDesc>
          <group>2</group>
          <NxBoxShapeDesc dimensions="1.274999976 0.56099999 0.389999986">
            <NxShapeDesc>
              <localPose>1 0 0  0 1 0  0 0 1  0.000000114 -0.000000097 -0.000000172</localPose>
              <group>2</group>
              <materialIndex>22</materialIndex>
              <skinWidth>0.025</skinWidth>
              <NxGroupsMask id="groupsMask"/>
            </NxShapeDesc>
          </NxBoxShapeDesc>
        </NxActorDesc>
        <NxActorDesc id="Actor_12" userProperties="_castType_2_objType_1_objIndex_21" hasBody="true" name="testActorName">
          <globalPose>1 0 0  0 1 0  0 0 1  887.256958008 -8.866950989 543.284362793</globalPose>
          <NxBodyDesc id="body">
            <massLocalPose>1 0 0  0 1 0  0 0 1  0.000000076 -0.000000038 -0.000000114</massLocalPose>
            <massSpaceInertia>11.600001335 79.010002136 77.090003967</massSpaceInertia>
            <mass>300</mass>
            <wakeUpCounter>0</wakeUpCounter>
            <maxAngularVelocity>7</maxAngularVelocity>
            <sleepLinearVelocity>0.150000006</sleepLinearVelocity>
            <sleepAngularVelocity>0.140000001</sleepAngularVelocity>
          </NxBodyDesc>
          <group>2</group>
          <NxBoxShapeDesc dimensions="0.849999964 0.219999999 0.25999999">
            <NxShapeDesc>
              <localPose>1 0 0  0 1 0  0 0 1  0.000000076 -0.000000038 -0.000000114</localPose>
              <group>2</group>
              <materialIndex>22</materialIndex>
              <skinWidth>0.025</skinWidth>
              <NxGroupsMask id="groupsMask"/>
            </NxShapeDesc>
          </NxBoxShapeDesc>
          <dominanceGroup>3</dominanceGroup>
        </NxActorDesc>
        <NxActorDesc id="Actor_13" userProperties="_castType_2_objType_1_objIndex_25" hasBody="true" name="testActorName">
          <globalPose>1 0 0  0 1 0  0 0 1  885.05670166 -8.916006088 545.712585449</globalPose>
          <NxBodyDesc id="body">
            <massLocalPose>0.941197097 0 0.337857991  0 1 0  -0.337857991 0 0.941197097  -0.02561702 0 0.014297873</massLocalPose>
            <massSpaceInertia>5.361905098 10.581595421 6.083690166</massSpaceInertia>
            <mass>40</mass>
            <wakeUpCounter>0</wakeUpCounter>
            <maxAngularVelocity>7</maxAngularVelocity>
            <sleepLinearVelocity>0.150000006</sleepLinearVelocity>
            <sleepAngularVelocity>0.140000001</sleepAngularVelocity>
          </NxBodyDesc>
          <group>2</group>
          <NxBoxShapeDesc dimensions="0.129999995 0.179999992 0.340000004">
            <NxShapeDesc>
              <localPose>1 0 0  0 1 0  0 0 1  -0.469999999 0 0</localPose>
              <group>2</group>
              <materialIndex>20</materialIndex>
              <skinWidth>0.025</skinWidth>
              <NxGroupsMask id="groupsMask"/>
            </NxShapeDesc>
          </NxBoxShapeDesc>
          <NxBoxShapeDesc dimensions="0.129999995 0.179999992 0.340000004">
            <NxShapeDesc>
              <localPose>1 0 0  0 1 0  0 0 1  0.469999999 0 0</localPose>
              <group>2</group>
              <materialIndex>20</materialIndex>
              <skinWidth>0.025</skinWidth>
              <NxGroupsMask id="groupsMask"/>
            </NxShapeDesc>
          </NxBoxShapeDesc>
          <NxBoxShapeDesc dimensions="0.340000004 0.179999992 0.129999995">
            <NxShapeDesc>
              <localPose>0.848048091 0 0.529919267  0 1 0  -0.529919267 0 0.848048091  -0.25 0 -0.399999976</localPose>
              <group>2</group>
              <materialIndex>20</materialIndex>
              <skinWidth>0.025</skinWidth>
              <NxGroupsMask id="groupsMask"/>
            </NxShapeDesc>
          </NxBoxShapeDesc>
          <NxBoxShapeDesc dimensions="0.340000004 0.179999992 0.129999995">
            <NxShapeDesc>
              <localPose>0.848048091 0 -0.529919267  0 1 0  0.529919267 0 0.848048091  -0.25 0 0.399999976</localPose>
              <group>2</group>
              <materialIndex>20</materialIndex>
              <skinWidth>0.025</skinWidth>
              <NxGroupsMask id="groupsMask"/>
            </NxShapeDesc>
          </NxBoxShapeDesc>
          <NxBoxShapeDesc dimensions="0.340000004 0.179999992 0.129999995">
            <NxShapeDesc>
              <localPose>0.848048091 0 0.529919267  0 1 0  -0.529919267 0 0.848048091  0.25 0 0.399999976</localPose>
              <group>2</group>
              <materialIndex>20</materialIndex>
              <skinWidth>0.025</skinWidth>
              <NxGroupsMask id="groupsMask"/>
            </NxShapeDesc>
          </NxBoxShapeDesc>
          <NxBoxShapeDesc dimensions="0.340000004 0.179999992 0.129999995">
            <NxShapeDesc>
              <localPose>0.848048091 0 -0.529919267  0 1 0  0.529919267 0 0.848048091  0.25 0 -0.399999976</localPose>
              <group>2</group>
              <materialIndex>20</materialIndex>
              <skinWidth>0.025</skinWidth>
              <NxGroupsMask id="groupsMask"/>
            </NxShapeDesc>
          </NxBoxShapeDesc>
          <NxBoxShapeDesc dimensions="0.140000001 0.179999992 0.119999997">
            <NxShapeDesc>
              <localPose>0.484809577 0 -0.874619782  0 1 0  0.874619782 0 0.484809577  -0.429999977 0 0.239999995</localPose>
              <group>2</group>
              <materialIndex>20</materialIndex>
              <skinWidth>0.025</skinWidth>
              <NxGroupsMask id="groupsMask"/>
            </NxShapeDesc>
          </NxBoxShapeDesc>
          <dominanceGroup>2</dominanceGroup>
        </NxActorDesc>
        <NxActorDesc id="Actor_14" userProperties="_castType_2_objType_1_objIndex_27" hasBody="true" name="testActorName">
          <globalPose>0.64294827 -0.000000905 0.765909612  -0.000004993 1 0.000005373  -0.765909612 -0.000007279 0.64294827  407.729431152 -7.442904472 552.591125488</globalPose>
          <NxBodyDesc id="body">
            <massLocalPose>0.994768322 0.008378731 -0.101811975  -0.014291996 0.998243749 -0.057490382  0.101151466 0.058644708 0.993141055  0.005918353 -0.195343494 -0.134505808</massLocalPose>
            <massSpaceInertia>1674.75769043 1778.510009766 323.363037109</massSpaceInertia>
            <mass>499.999969482</mass>
            <wakeUpCounter>0</wakeUpCounter>
            <maxAngularVelocity>7</maxAngularVelocity>
            <sleepLinearVelocity>0.150000006</sleepLinearVelocity>
            <sleepAngularVelocity>0.140000001</sleepAngularVelocity>
          </NxBodyDesc>
          <group>2</group>
          <NxBoxShapeDesc dimensions="1.110000014 0.129999995 1.409999967">
            <NxShapeDesc>
              <localPose>0.997564077 0 -0.069756471  0 1 0  0.069756471 0 0.997564077  0 -0.799999952 0</localPose>
              <group>2</group>
              <materialIndex>16</materialIndex>
              <skinWidth>0.025</skinWidth>
              <NxGroupsMask id="groupsMask"/>
            </NxShapeDesc>
          </NxBoxShapeDesc>
          <NxBoxShapeDesc dimensions="0.799999952 0.099999994 1.079999924">
            <NxShapeDesc>
              <localPose>0.99619472 0 -0.087155789  0 1 0  0.087155789 0 0.99619472  0.049999997 0.799999952 -0.669999957</localPose>
              <group>2</group>
              <materialIndex>16</materialIndex>
              <skinWidth>0.025</skinWidth>
              <NxGroupsMask id="groupsMask"/>
            </NxShapeDesc>
          </NxBoxShapeDesc>
          <NxBoxShapeDesc dimensions="1.169999957 0.379999995 0.610000014">
            <NxShapeDesc>
              <localPose>0.994521916 0 -0.10452842  0 1 0  0.10452842 0 0.994521916  0.219999999 -0.059999999 -2.230000019</localPose>
              <group>2</group>
              <materialIndex>16</materialIndex>
              <skinWidth>0.025</skinWidth>
              <NxGroupsMask id="groupsMask"/>
            </NxShapeDesc>
          </NxBoxShapeDesc>
          <NxBoxShapeDesc dimensions="0.07 0.319999993 0.129999995">
            <NxShapeDesc>
              <localPose>0.939692616 -0.342020094 0  0.342020094 0.939692616 0  0 0 1  1.069999933 0.48999998 -0.74000001</localPose>
              <group>2</group>
              <materialIndex>16</materialIndex>
              <skinWidth>0.025</skinWidth>
