  <NXUSTREAM2>
    <NxuPhysicsCollection id="saves/save001/tv_tower/tv_tower_00.xml" sdkVersion="272" nxuVersion="103">
      <NxPhysicsSDKDesc id="SDK"/>
      <NxSceneDesc id="Scene_0">
        <NxGroupsMask id="groupMask0"/>
        <NxGroupsMask id="groupMask1"/>
        <NxSceneLimits id="limits"/>
        <NxActorDesc id="Actor_0" userProperties="_castType_2_objType_6_objIndex_0" hasBody="true" name="testActorName">
          <globalPose>-0.999847651 0 -0.017452452  0 1 -0.000000001  0.017452452 -0.000000001 -0.999847651  10.149999619 136.699996948 -45.450000763</globalPose>
          <NxBodyDesc id="body">
            <massLocalPose>0.999958575 -0.002125427 0.008853553  0.001041964 0.992697239 0.120627835  -0.009045282 -0.120613605 0.992658317  -0.020862246 -0.226159245 0.153989211</massLocalPose>
            <massSpaceInertia>669.899169922 311.981781006 584.920349121</massSpaceInertia>
            <mass>300</mass>
            <linearVelocity>0.000015762 0.000384809 0.000079727</linearVelocity>
            <maxAngularVelocity>7</maxAngularVelocity>
            <NxBodyFlag id="flags">
              <NX_BF_DISABLE_GRAVITY>false</NX_BF_DISABLE_GRAVITY>
              <NX_BF_FROZEN_POS_X>false</NX_BF_FROZEN_POS_X>
              <NX_BF_FROZEN_POS_Y>false</NX_BF_FROZEN_POS_Y>
              <NX_BF_FROZEN_POS_Z>false</NX_BF_FROZEN_POS_Z>
              <NX_BF_FROZEN_ROT_X>false</NX_BF_FROZEN_ROT_X>
              <NX_BF_FROZEN_ROT_Y>false</NX_BF_FROZEN_ROT_Y>
              <NX_BF_FROZEN_ROT_Z>false</NX_BF_FROZEN_ROT_Z>
              <NX_BF_KINEMATIC>true</NX_BF_KINEMATIC>
              <NX_BF_VISUALIZATION>true</NX_BF_VISUALIZATION>
              <NX_BF_POSE_SLEEP_TEST>false</NX_BF_POSE_SLEEP_TEST>
              <NX_BF_FILTER_SLEEP_VEL>false</NX_BF_FILTER_SLEEP_VEL>
              <NX_BF_ENERGY_SLEEP_TEST>true</NX_BF_ENERGY_SLEEP_TEST>
            </NxBodyFlag>
            <sleepLinearVelocity>0.150000006</sleepLinearVelocity>
            <sleepAngularVelocity>0.140000001</sleepAngularVelocity>
          </NxBodyDesc>
          <group>2</group>
          <NxBoxShapeDesc dimensions="0.98999995 0.07 1.199999928">
            <NxShapeDesc>
              <localPose>1 0 0  0 1 0  0 0 1  0 -1.529999971 0</localPose>
              <group>2</group>
              <materialIndex>14</materialIndex>
              <skinWidth>0.025</skinWidth>
              <NxGroupsMask id="groupsMask"/>
            </NxShapeDesc>
          </NxBoxShapeDesc>
          <NxBoxShapeDesc dimensions="0.98999995 0.07 1.199999928">
            <NxShapeDesc>
              <localPose>1 0 0  0 1 0  0 0 1  0 1.309999943 0</localPose>
              <group>2</group>
              <materialIndex>14</materialIndex>
              <skinWidth>0.025</skinWidth>
              <NxGroupsMask id="groupsMask"/>
            </NxShapeDesc>
          </NxBoxShapeDesc>
          <NxBoxShapeDesc dimensions="0.969999969 0.649999976 0.07">
            <NxShapeDesc>
              <localPose>1 0 0  0 1 0  0 0 1  0 -0.849999964 1.110000014</localPose>
              <group>2</group>
              <materialIndex>14</materialIndex>
              <skinWidth>0.025</skinWidth>
              <NxGroupsMask id="groupsMask"/>
            </NxShapeDesc>
          </NxBoxShapeDesc>
          <NxBoxShapeDesc dimensions="0.07 0.75999999 0.07">
            <NxShapeDesc>
              <localPose>1 0 0  0 1 0  0 0 1  0.909999967 0.539999962 1.120000005</localPose>
              <group>2</group>
              <materialIndex>14</materialIndex>
              <skinWidth>0.025</skinWidth>
              <NxGroupsMask id="groupsMask"/>
            </NxShapeDesc>
          </NxBoxShapeDesc>
          <NxBoxShapeDesc dimensions="0.07 0.75999999 0.07">
            <NxShapeDesc>
              <localPose>1 0 0  0 1 0  0 0 1  -0.909999967 0.539999962 1.120000005</localPose>
              <group>2</group>
              <materialIndex>14</materialIndex>
              <skinWidth>0.025</skinWidth>
              <NxGroupsMask id="groupsMask"/>
            </NxShapeDesc>
          </NxBoxShapeDesc>
          <NxBoxShapeDesc dimensions="0.07 1.399999976 0.07">
            <NxShapeDesc>
              <localPose>1 0 0  0 1 0  0 0 1  0.909999967 -0.119999997 -1.120000005</localPose>
              <group>2</group>
              <materialIndex>14</materialIndex>
              <skinWidth>0.025</skinWidth>
              <NxGroupsMask id="groupsMask"/>
            </NxShapeDesc>
          </NxBoxShapeDesc>
          <NxBoxShapeDesc dimensions="0.07 1.399999976 0.07">
            <NxShapeDesc>
              <localPose>1 0 0  0 1 0  0 0 1  -0.909999967 -0.119999997 -1.120000005</localPose>
              <group>2</group>
              <materialIndex>14</materialIndex>
              <skinWidth>0.025</skinWidth>
              <NxGroupsMask id="groupsMask"/>
            </NxShapeDesc>
          </NxBoxShapeDesc>
          <NxBoxShapeDesc dimensions="0.07 0.07 1.129999995">
            <NxShapeDesc>
              <localPose>1 0 0  0 1 0  0 0 1  -0.909999967 -0.119999997 0.02</localPose>
              <group>2</group>
              <materialIndex>14</materialIndex>
              <skinWidth>0.025</skinWidth>
              <NxGroupsMask id="groupsMask"/>
            </NxShapeDesc>
          </NxBoxShapeDesc>
          <NxBoxShapeDesc dimensions="0.07 0.07 0.889999986">
            <NxShapeDesc>
              <localPose>0.000000894 0 0.999999881  0 1 0  -0.999999881 0 0.000000894  0 -0.119999997 -1.120000005</localPose>
              <group>2</group>
              <materialIndex>14</materialIndex>
              <skinWidth>0.025</skinWidth>
              <NxGroupsMask id="groupsMask"/>
            </NxShapeDesc>
          </NxBoxShapeDesc>
        </NxActorDesc>
        <NxActorDesc id="Actor_1" userProperties="_castType_2_objType_6_objIndex_4" hasBody="true" name="testActorName">
          <globalPose>-0.99996686 0 -0.008135623  0 1 0  0.008135623 0 -0.99996686  10.029999733 136.229995728 -46.549999237</globalPose>
          <NxBodyDesc id="body">
            <massLocalPose>1 0 0  0 1 0  0 0 1  0.000000002 -0.000003185 -0.000002995</massLocalPose>
            <massSpaceInertia>0.000037031 0.000016647 0.000037031</massSpaceInertia>
            <mass>0.005096</mass>
            <linearVelocity>0.000001317 -0.000187609 -0.000048288</linearVelocity>
            <maxAngularVelocity>7</maxAngularVelocity>
            <NxBodyFlag id="flags">
              <NX_BF_DISABLE_GRAVITY>false</NX_BF_DISABLE_GRAVITY>
              <NX_BF_FROZEN_POS_X>false</NX_BF_FROZEN_POS_X>
              <NX_BF_FROZEN_POS_Y>false</NX_BF_FROZEN_POS_Y>
              <NX_BF_FROZEN_POS_Z>false</NX_BF_FROZEN_POS_Z>
              <NX_BF_FROZEN_ROT_X>false</NX_BF_FROZEN_ROT_X>
              <NX_BF_FROZEN_ROT_Y>false</NX_BF_FROZEN_ROT_Y>
              <NX_BF_FROZEN_ROT_Z>false</NX_BF_FROZEN_ROT_Z>
              <NX_BF_KINEMATIC>true</NX_BF_KINEMATIC>
              <NX_BF_VISUALIZATION>true</NX_BF_VISUALIZATION>
              <NX_BF_POSE_SLEEP_TEST>false</NX_BF_POSE_SLEEP_TEST>
              <NX_BF_FILTER_SLEEP_VEL>false</NX_BF_FILTER_SLEEP_VEL>
              <NX_BF_ENERGY_SLEEP_TEST>true</NX_BF_ENERGY_SLEEP_TEST>
            </NxBodyFlag>
            <sleepLinearVelocity>0.150000006</sleepLinearVelocity>
            <sleepAngularVelocity>0.140000001</sleepAngularVelocity>
          </NxBodyDesc>
          <group>2</group>
          <NxBoxShapeDesc dimensions="0.07 0.129999995 0.07">
            <NxShapeDesc>
              <localPose>1 0 0  0 1 0  0 0 1  0.000000002 -0.000003185 -0.000002995</localPose>
              <group>2</group>
              <materialIndex>14</materialIndex>
              <skinWidth>0.025</skinWidth>
              <NxGroupsMask id="groupsMask"/>
            </NxShapeDesc>
          </NxBoxShapeDesc>
        </NxActorDesc>
        <NxActorDesc id="Actor_2" userProperties="_castType_2_objType_1_objIndex_6" hasBody="true" name="testActorName">
          <globalPose>0.190808475 -0.000000015 0.981627285  0.000000012 1 0.000000013  -0.981627285 0.00000001 0.190808475  -4.199999809 36.5 -49.899997711</globalPose>
          <NxBodyDesc id="body">
            <massLocalPose>0.98565352 -0.165908307 0.031008732  0.129231781 0.860019803 0.493624479  -0.108564526 -0.482535392 0.869122148  -0.006578947 -0.020986842 0.032894742</massLocalPose>
            <massSpaceInertia>0.472466141 0.119037434 0.506035328</massSpaceInertia>
            <mass>55</mass>
            <maxAngularVelocity>7</maxAngularVelocity>
            <NxBodyFlag id="flags">
              <NX_BF_DISABLE_GRAVITY>false</NX_BF_DISABLE_GRAVITY>
              <NX_BF_FROZEN_POS_X>false</NX_BF_FROZEN_POS_X>
              <NX_BF_FROZEN_POS_Y>false</NX_BF_FROZEN_POS_Y>
              <NX_BF_FROZEN_POS_Z>false</NX_BF_FROZEN_POS_Z>
              <NX_BF_FROZEN_ROT_X>false</NX_BF_FROZEN_ROT_X>
              <NX_BF_FROZEN_ROT_Y>false</NX_BF_FROZEN_ROT_Y>
              <NX_BF_FROZEN_ROT_Z>false</NX_BF_FROZEN_ROT_Z>
              <NX_BF_KINEMATIC>true</NX_BF_KINEMATIC>
              <NX_BF_VISUALIZATION>true</NX_BF_VISUALIZATION>
              <NX_BF_POSE_SLEEP_TEST>false</NX_BF_POSE_SLEEP_TEST>
              <NX_BF_FILTER_SLEEP_VEL>false</NX_BF_FILTER_SLEEP_VEL>
              <NX_BF_ENERGY_SLEEP_TEST>true</NX_BF_ENERGY_SLEEP_TEST>
            </NxBodyFlag>
            <sleepLinearVelocity>0.150000006</sleepLinearVelocity>
            <sleepAngularVelocity>0.140000001</sleepAngularVelocity>
          </NxBodyDesc>
          <group>2</group>
          <NxCapsuleShapeDesc radius="0.050000001" height="0.07">
            <NxShapeDesc>
              <localPose>0.000000745 0.000000387 0.999999821  -0.739576817 0.6730721 0.000000149  -0.673071921 -0.739576817 0.000000834  0.020005774 -0.094615936 0.0689542</localPose>
              <group>2</group>
              <materialIndex>14</materialIndex>
              <skinWidth>0.025</skinWidth>
              <NxGroupsMask id="groupsMask"/>
            </NxShapeDesc>
          </NxCapsuleShapeDesc>
          <NxSphereShapeDesc radius="0.050000001">
            <NxShapeDesc>
              <localPose>1 0 0  0 1 0  0 0 1  -0.02 0.07 -0.049999997</localPose>
              <group>2</group>
              <materialIndex>14</materialIndex>
              <skinWidth>0.025</skinWidth>
              <NxGroupsMask id="groupsMask"/>
            </NxShapeDesc>
          </NxSphereShapeDesc>
          <NxCapsuleShapeDesc radius="0.050000001" height="0.170000002">
            <NxShapeDesc>
              <localPose>1 0 0  0 0.920504808 0.390731215  0 -0.390731215 0.920504808  -0.02 0 0.029999999</localPose>
              <group>2</group>
              <materialIndex>14</materialIndex>
              <skinWidth>0.025</skinWidth>
              <NxGroupsMask id="groupsMask"/>
            </NxShapeDesc>
          </NxCapsuleShapeDesc>
        </NxActorDesc>
        <NxActorDesc id="Actor_3" userProperties="_castType_2_objType_1_objIndex_8" hasBody="true" name="testActorName">
          <globalPose>1 0 0  0 1 0  0 0 1  14.411649704 166.327651978 -37.409091949</globalPose>
          <NxBodyDesc id="body">
            <massSpaceInertia>184.977035522 66.20400238 184.977005005</massSpaceInertia>
            <mass>809.999938965</mass>
            <wakeUpCounter>0</wakeUpCounter>
            <maxAngularVelocity>7</maxAngularVelocity>
            <sleepLinearVelocity>0.150000006</sleepLinearVelocity>
            <sleepAngularVelocity>0.140000001</sleepAngularVelocity>
          </NxBodyDesc>
          <group>2</group>
          <NxBoxShapeDesc dimensions="0.340000004 0.75 0.359999985">
            <NxShapeDesc>
              <group>2</group>
              <materialIndex>15</materialIndex>
              <skinWidth>0.025</skinWidth>
              <NxGroupsMask id="groupsMask"/>
            </NxShapeDesc>
          </NxBoxShapeDesc>
          <NxBoxShapeDesc dimensions="0.340000004 0.75 0.359999985">
            <NxShapeDesc>
              <localPose>0.500000179 0 0.866025269  0 1 0  -0.866025269 0 0.500000179  0 0 0</localPose>
              <group>2</group>
              <materialIndex>15</materialIndex>
              <skinWidth>0.025</skinWidth>
              <NxGroupsMask id="groupsMask"/>
            </NxShapeDesc>
          </NxBoxShapeDesc>
          <NxBoxShapeDesc dimensions="0.340000004 0.75 0.359999985">
            <NxShapeDesc>
              <localPose>-0.500000119 0 0.866025329  0 1 0  -0.866025329 0 -0.500000119  0 0 0</localPose>
              <group>2</group>
              <materialIndex>15</materialIndex>
              <skinWidth>0.025</skinWidth>
              <NxGroupsMask id="groupsMask"/>
            </NxShapeDesc>
          </NxBoxShapeDesc>
          <dominanceGroup>3</dominanceGroup>
        </NxActorDesc>
        <NxActorDesc id="Actor_4" userProperties="_castType_2_objType_1_objIndex_19" hasBody="true" name="testActorName">
          <globalPose>1 -0.000114138 0.000057249  0.000114133 1 0.0000914  -0.00005726 -0.000091394 1  15.040529251 166.238647461 -47.307666779</globalPose>
          <NxBodyDesc id="body">
            <massSpaceInertia>184.977035522 66.20400238 184.977005005</massSpaceInertia>
            <mass>809.999938965</mass>
            <wakeUpCounter>0</wakeUpCounter>
            <maxAngularVelocity>7</maxAngularVelocity>
            <sleepLinearVelocity>0.150000006</sleepLinearVelocity>
            <sleepAngularVelocity>0.140000001</sleepAngularVelocity>
          </NxBodyDesc>
          <group>2</group>
          <NxBoxShapeDesc dimensions="0.340000004 0.75 0.359999985">
            <NxShapeDesc>
              <group>2</group>
              <materialIndex>15</materialIndex>
              <skinWidth>0.025</skinWidth>
              <NxGroupsMask id="groupsMask"/>
            </NxShapeDesc>
          </NxBoxShapeDesc>
          <NxBoxShapeDesc dimensions="0.340000004 0.75 0.359999985">
            <NxShapeDesc>
              <localPose>0.500000179 0 0.866025269  0 1 0  -0.866025269 0 0.500000179  0 0 0</localPose>
              <group>2</group>
              <materialIndex>15</materialIndex>
              <skinWidth>0.025</skinWidth>
              <NxGroupsMask id="groupsMask"/>
            </NxShapeDesc>
          </NxBoxShapeDesc>
          <NxBoxShapeDesc dimensions="0.340000004 0.75 0.359999985">
            <NxShapeDesc>
              <localPose>-0.500000119 0 0.866025329  0 1 0  -0.866025329 0 -0.500000119  0 0 0</localPose>
              <group>2</group>
              <materialIndex>15</materialIndex>
              <skinWidth>0.025</skinWidth>
              <NxGroupsMask id="groupsMask"/>
            </NxShapeDesc>
          </NxBoxShapeDesc>
          <dominanceGroup>3</dominanceGroup>
        </NxActorDesc>
        <NxActorDesc id="Actor_5" userProperties="_castType_2_objType_1_objIndex_25" hasBody="true" name="testActorName">
          <globalPose>0.999999642 -0.000325052 -0.000766036  0.000324867 0.99999994 -0.000241852  0.000766114 0.000241603 0.999999702  9.276843071 166.305053711 -47.990509033</globalPose>
          <NxBodyDesc id="body">
            <massSpaceInertia>184.977035522 66.20400238 184.977005005</massSpaceInertia>
            <mass>809.999938965</mass>
            <wakeUpCounter>0</wakeUpCounter>
            <maxAngularVelocity>7</maxAngularVelocity>
            <sleepLinearVelocity>0.150000006</sleepLinearVelocity>
            <sleepAngularVelocity>0.140000001</sleepAngularVelocity>
          </NxBodyDesc>
          <group>2</group>
          <NxBoxShapeDesc dimensions="0.340000004 0.75 0.359999985">
            <NxShapeDesc>
              <group>2</group>
              <materialIndex>15</materialIndex>
              <skinWidth>0.025</skinWidth>
              <NxGroupsMask id="groupsMask"/>
            </NxShapeDesc>
          </NxBoxShapeDesc>
          <NxBoxShapeDesc dimensions="0.340000004 0.75 0.359999985">
            <NxShapeDesc>
              <localPose>0.500000179 0 0.866025269  0 1 0  -0.866025269 0 0.500000179  0 0 0</localPose>
              <group>2</group>
              <materialIndex>15</materialIndex>
              <skinWidth>0.025</skinWidth>
              <NxGroupsMask id="groupsMask"/>
            </NxShapeDesc>
          </NxBoxShapeDesc>
          <NxBoxShapeDesc dimensions="0.340000004 0.75 0.359999985">
            <NxShapeDesc>
              <localPose>-0.500000119 0 0.866025329  0 1 0  -0.866025329 0 -0.500000119  0 0 0</localPose>
              <group>2</group>
              <materialIndex>15</materialIndex>
              <skinWidth>0.025</skinWidth>
              <NxGroupsMask id="groupsMask"/>
            </NxShapeDesc>
          </NxBoxShapeDesc>
          <dominanceGroup>3</dominanceGroup>
        </NxActorDesc>
        <NxActorDesc id="Actor_6" userProperties="_castType_2_objType_1_objIndex_26" hasBody="true" name="testActorName">
          <globalPose>1 0 0  0 1 0  0 0 1  12.346391678 166.430526733 -41.150566101</globalPose>
          <NxBodyDesc id="body">
            <massSpaceInertia>184.977035522 66.20400238 184.977005005</massSpaceInertia>
            <mass>809.999938965</mass>
            <wakeUpCounter>0</wakeUpCounter>
            <maxAngularVelocity>7</maxAngularVelocity>
            <sleepLinearVelocity>0.150000006</sleepLinearVelocity>
            <sleepAngularVelocity>0.140000001</sleepAngularVelocity>
          </NxBodyDesc>
          <group>2</group>
          <NxBoxShapeDesc dimensions="0.340000004 0.75 0.359999985">
            <NxShapeDesc>
              <group>2</group>
              <materialIndex>15</materialIndex>
              <skinWidth>0.025</skinWidth>
              <NxGroupsMask id="groupsMask"/>
            </NxShapeDesc>
          </NxBoxShapeDesc>
          <NxBoxShapeDesc dimensions="0.340000004 0.75 0.359999985">
            <NxShapeDesc>
              <localPose>0.500000179 0 0.866025269  0 1 0  -0.866025269 0 0.500000179  0 0 0</localPose>
              <group>2</group>
              <materialIndex>15</materialIndex>
              <skinWidth>0.025</skinWidth>
              <NxGroupsMask id="groupsMask"/>
            </NxShapeDesc>
          </NxBoxShapeDesc>
          <NxBoxShapeDesc dimensions="0.340000004 0.75 0.359999985">
            <NxShapeDesc>
              <localPose>-0.500000119 0 0.866025329  0 1 0  -0.866025329 0 -0.500000119  0 0 0</localPose>
              <group>2</group>
              <materialIndex>15</materialIndex>
              <skinWidth>0.025</skinWidth>
              <NxGroupsMask id="groupsMask"/>
            </NxShapeDesc>
          </NxBoxShapeDesc>
          <dominanceGroup>3</dominanceGroup>
        </NxActorDesc>
        <NxActorDesc id="Actor_7" userProperties="_castType_2_objType_1_objIndex_27" hasBody="true" name="testActorName">
          <globalPose>1 0 0  0 1 0  0 0 1  12.883946419 166.327651978 -54.148498535</globalPose>
          <NxBodyDesc id="body">
            <massSpaceInertia>184.977035522 66.20400238 184.977005005</massSpaceInertia>
            <mass>809.999938965</mass>
            <wakeUpCounter>0</wakeUpCounter>
            <maxAngularVelocity>7</maxAngularVelocity>
            <sleepLinearVelocity>0.150000006</sleepLinearVelocity>
            <sleepAngularVelocity>0.140000001</sleepAngularVelocity>
          </NxBodyDesc>
          <group>2</group>
          <NxBoxShapeDesc dimensions="0.340000004 0.75 0.359999985">
            <NxShapeDesc>
              <group>2</group>
              <materialIndex>15</materialIndex>
              <skinWidth>0.025</skinWidth>
              <NxGroupsMask id="groupsMask"/>
            </NxShapeDesc>
          </NxBoxShapeDesc>
          <NxBoxShapeDesc dimensions="0.340000004 0.75 0.359999985">
            <NxShapeDesc>
              <localPose>0.500000179 0 0.866025269  0 1 0  -0.866025269 0 0.500000179  0 0 0</localPose>
              <group>2</group>
              <materialIndex>15</materialIndex>
              <skinWidth>0.025</skinWidth>
              <NxGroupsMask id="groupsMask"/>
            </NxShapeDesc>
          </NxBoxShapeDesc>
          <NxBoxShapeDesc dimensions="0.340000004 0.75 0.359999985">
            <NxShapeDesc>
              <localPose>-0.500000119 0 0.866025329  0 1 0  -0.866025329 0 -0.500000119  0 0 0</localPose>
              <group>2</group>
              <materialIndex>15</materialIndex>
              <skinWidth>0.025</skinWidth>
              <NxGroupsMask id="groupsMask"/>
            </NxShapeDesc>
          </NxBoxShapeDesc>
          <dominanceGroup>3</dominanceGroup>
        </NxActorDesc>
        <NxActorDesc id="Actor_8" userProperties="_castType_2_objType_1_objIndex_28" hasBody="true" name="testActorName">
          <globalPose>0.026923835 -0.999637485 0  0.999637485 0.026923835 0  0 0 1  11.371922493 166.010498047 -54.05348587</globalPose>
          <NxBodyDesc id="body">
            <massSpaceInertia>184.977035522 66.20400238 184.977005005</massSpaceInertia>
            <mass>809.999938965</mass>
            <wakeUpCounter>0</wakeUpCounter>
            <maxAngularVelocity>7</maxAngularVelocity>
            <sleepLinearVelocity>0.150000006</sleepLinearVelocity>
            <sleepAngularVelocity>0.140000001</sleepAngularVelocity>
          </NxBodyDesc>
          <group>2</group>
          <NxBoxShapeDesc dimensions="0.340000004 0.75 0.359999985">
            <NxShapeDesc>
              <group>2</group>
              <materialIndex>15</materialIndex>
              <skinWidth>0.025</skinWidth>
              <NxGroupsMask id="groupsMask"/>
            </NxShapeDesc>
          </NxBoxShapeDesc>
          <NxBoxShapeDesc dimensions="0.340000004 0.75 0.359999985">
            <NxShapeDesc>
              <localPose>0.500000179 0 0.866025269  0 1 0  -0.866025269 0 0.500000179  0 0 0</localPose>
              <group>2</group>
              <materialIndex>15</materialIndex>
              <skinWidth>0.025</skinWidth>
              <NxGroupsMask id="groupsMask"/>
            </NxShapeDesc>
          </NxBoxShapeDesc>
          <NxBoxShapeDesc dimensions="0.340000004 0.75 0.359999985">
            <NxShapeDesc>
              <localPose>-0.500000119 0 0.866025329  0 1 0  -0.866025329 0 -0.500000119  0 0 0</localPose>
              <group>2</group>
              <materialIndex>15</materialIndex>
              <skinWidth>0.025</skinWidth>
              <NxGroupsMask id="groupsMask"/>
            </NxShapeDesc>
          </NxBoxShapeDesc>
          <dominanceGroup>3</dominanceGroup>
        </NxActorDesc>
        <NxActorDesc id="Actor_9" userProperties="_castType_2_objType_1_objIndex_29" hasBody="true" name="testActorName">
          <globalPose>1 0 0  0 1 0  0 0 1  -1.250223041 166.327651978 -54.161838531</globalPose>
          <NxBodyDesc id="body">
            <massSpaceInertia>184.977035522 66.20400238 184.977005005</massSpaceInertia>
            <mass>809.999938965</mass>
            <wakeUpCounter>0</wakeUpCounter>
            <maxAngularVelocity>7</maxAngularVelocity>
            <sleepLinearVelocity>0.150000006</sleepLinearVelocity>
            <sleepAngularVelocity>0.140000001</sleepAngularVelocity>
          </NxBodyDesc>
          <group>2</group>
          <NxBoxShapeDesc dimensions="0.340000004 0.75 0.359999985">
            <NxShapeDesc>
              <group>2</group>
              <materialIndex>15</materialIndex>
              <skinWidth>0.025</skinWidth>
              <NxGroupsMask id="groupsMask"/>
            </NxShapeDesc>
          </NxBoxShapeDesc>
          <NxBoxShapeDesc dimensions="0.340000004 0.75 0.359999985">
            <NxShapeDesc>
              <localPose>0.500000179 0 0.866025269  0 1 0  -0.866025269 0 0.500000179  0 0 0</localPose>
              <group>2</group>
              <materialIndex>15</materialIndex>
              <skinWidth>0.025</skinWidth>
              <NxGroupsMask id="groupsMask"/>
            </NxShapeDesc>
          </NxBoxShapeDesc>
          <NxBoxShapeDesc dimensions="0.340000004 0.75 0.359999985">
            <NxShapeDesc>
              <localPose>-0.500000119 0 0.866025329  0 1 0  -0.866025329 0 -0.500000119  0 0 0</localPose>
              <group>2</group>
              <materialIndex>15</materialIndex>
              <skinWidth>0.025</skinWidth>
              <NxGroupsMask id="groupsMask"/>
            </NxShapeDesc>
          </NxBoxShapeDesc>
          <dominanceGroup>3</dominanceGroup>
        </NxActorDesc>
        <NxActorDesc id="Actor_10" userProperties="_castType_2_objType_1_objIndex_30" hasBody="true" name="testActorName">
          <globalPose>1 0 0  0 1 0  0 0 1  -5.16648674 166.327651978 -49.387031555</globalPose>
          <NxBodyDesc id="body">
            <massSpaceInertia>184.977035522 66.20400238 184.977005005</massSpaceInertia>
            <mass>809.999938965</mass>
            <wakeUpCounter>0</wakeUpCounter>
            <maxAngularVelocity>7</maxAngularVelocity>
            <sleepLinearVelocity>0.150000006</sleepLinearVelocity>
            <sleepAngularVelocity>0.140000001</sleepAngularVelocity>
          </NxBodyDesc>
          <group>2</group>
          <NxBoxShapeDesc dimensions="0.340000004 0.75 0.359999985">
            <NxShapeDesc>
              <group>2</group>
              <materialIndex>15</materialIndex>
              <skinWidth>0.025</skinWidth>
              <NxGroupsMask id="groupsMask"/>
            </NxShapeDesc>
          </NxBoxShapeDesc>
          <NxBoxShapeDesc dimensions="0.340000004 0.75 0.359999985">
            <NxShapeDesc>
              <localPose>0.500000179 0 0.866025269  0 1 0  -0.866025269 0 0.500000179  0 0 0</localPose>
              <group>2</group>
              <materialIndex>15</materialIndex>
              <skinWidth>0.025</skinWidth>
              <NxGroupsMask id="groupsMask"/>
            </NxShapeDesc>
          </NxBoxShapeDesc>
          <NxBoxShapeDesc dimensions="0.340000004 0.75 0.359999985">
            <NxShapeDesc>
              <localPose>-0.500000119 0 0.866025329  0 1 0  -0.866025329 0 -0.500000119  0 0 0</localPose>
              <group>2</group>
              <materialIndex>15</materialIndex>
              <skinWidth>0.025</skinWidth>
              <NxGroupsMask id="groupsMask"/>
            </NxShapeDesc>
          </NxBoxShapeDesc>
          <dominanceGroup>3</dominanceGroup>
        </NxActorDesc>
        <NxActorDesc id="Actor_11" userProperties="_castType_2_objType_1_objIndex_31" hasBody="true" name="testActorName">
          <globalPose>1 0 0  0 1 0  0 0 1  -5.037893772 166.327651978 -39.908763885</globalPose>
          <NxBodyDesc id="body">
            <massSpaceInertia>184.977035522 66.20400238 184.977005005</massSpaceInertia>
            <mass>809.999938965</mass>
            <wakeUpCounter>0</wakeUpCounter>
            <maxAngularVelocity>7</maxAngularVelocity>
            <sleepLinearVelocity>0.150000006</sleepLinearVelocity>
            <sleepAngularVelocity>0.140000001</sleepAngularVelocity>
          </NxBodyDesc>
          <group>2</group>
          <NxBoxShapeDesc dimensions="0.340000004 0.75 0.359999985">
            <NxShapeDesc>
              <group>2</group>
              <materialIndex>15</materialIndex>
              <skinWidth>0.025</skinWidth>
              <NxGroupsMask id="groupsMask"/>
            </NxShapeDesc>
          </NxBoxShapeDesc>
          <NxBoxShapeDesc dimensions="0.340000004 0.75 0.359999985">
            <NxShapeDesc>
              <localPose>0.500000179 0 0.866025269  0 1 0  -0.866025269 0 0.500000179  0 0 0</localPose>
              <group>2</group>
              <materialIndex>15</materialIndex>
              <skinWidth>0.025</skinWidth>
              <NxGroupsMask id="groupsMask"/>
            </NxShapeDesc>
          </NxBoxShapeDesc>
          <NxBoxShapeDesc dimensions="0.340000004 0.75 0.359999985">
            <NxShapeDesc>
              <localPose>-0.500000119 0 0.866025329  0 1 0  -0.866025329 0 -0.500000119  0 0 0</localPose>
              <group>2</group>
              <materialIndex>15</materialIndex>
              <skinWidth>0.025</skinWidth>
              <NxGroupsMask id="groupsMask"/>
            </NxShapeDesc>
          </NxBoxShapeDesc>
          <dominanceGroup>3</dominanceGroup>
        </NxActorDesc>
        <NxActorDesc id="Actor_12" userProperties="_castType_2_objType_1_objIndex_32" hasBody="true" name="testActorName">
          <globalPose>1 0 0  0 1 0  0 0 1  3.690596342 166.327651978 -34.22076416</globalPose>
          <NxBodyDesc id="body">
            <massSpaceInertia>184.977035522 66.20400238 184.977005005</massSpaceInertia>
            <mass>809.999938965</mass>
            <wakeUpCounter>0</wakeUpCounter>
            <maxAngularVelocity>7</maxAngularVelocity>
            <sleepLinearVelocity>0.150000006</sleepLinearVelocity>
            <sleepAngularVelocity>0.140000001</sleepAngularVelocity>
          </NxBodyDesc>
          <group>2</group>
          <NxBoxShapeDesc dimensions="0.340000004 0.75 0.359999985">
            <NxShapeDesc>
              <group>2</group>
              <materialIndex>15</materialIndex>
              <skinWidth>0.025</skinWidth>
              <NxGroupsMask id="groupsMask"/>
            </NxShapeDesc>
          </NxBoxShapeDesc>
          <NxBoxShapeDesc dimensions="0.340000004 0.75 0.359999985">
            <NxShapeDesc>
              <localPose>0.500000179 0 0.866025269  0 1 0  -0.866025269 0 0.500000179  0 0 0</localPose>
              <group>2</group>
              <materialIndex>15</materialIndex>
              <skinWidth>0.025</skinWidth>
              <NxGroupsMask id="groupsMask"/>
            </NxShapeDesc>
          </NxBoxShapeDesc>
          <NxBoxShapeDesc dimensions="0.340000004 0.75 0.359999985">
            <NxShapeDesc>
              <localPose>-0.500000119 0 0.866025329  0 1 0  -0.866025329 0 -0.500000119  0 0 0</localPose>
              <group>2</group>
              <materialIndex>15</materialIndex>
              <skinWidth>0.025</skinWidth>
              <NxGroupsMask id="groupsMask"/>
            </NxShapeDesc>
          </NxBoxShapeDesc>
          <dominanceGroup>3</dominanceGroup>
        </NxActorDesc>
        <NxActorDesc id="Actor_13" userProperties="_castType_2_objType_2_objIndex_4" hasBody="true" name="CracksType">
          <globalPose>0.989761889 -0.142203212 -0.012237124  -0.012013577 0.002430479 -0.999924839  0.142222255 0.989834487 0.000697226  20.91750145 35.077285767 -42.561538696</globalPose>
          <NxBodyDesc id="body">
            <massLocalPose>0.999662459 -0.025829386 0.002795469  0.025480289 0.953727365 -0.299591124  0.00507214 0.299561203 0.954063594  0.046 -0.032000002 -0.016000001</massLocalPose>
            <massSpaceInertia>0.082959048 1.155234933 1.18832624</massSpaceInertia>
            <mass>14.999999046</mass>
            <wakeUpCounter>0</wakeUpCounter>
            <maxAngularVelocity>7</maxAngularVelocity>
            <sleepLinearVelocity>0.150000006</sleepLinearVelocity>
            <sleepAngularVelocity>0.140000001</sleepAngularVelocity>
          </NxBodyDesc>
          <group>2</group>
          <NxBoxShapeDesc dimensions="0.519999981 0.07 0.07">
            <NxShapeDesc>
              <localPose>1 0 0  0 1 0  0 0 1  0.07 -0.01 -0.01</localPose>
              <group>14</group>
              <materialIndex>14</materialIndex>
              <skinWidth>0.025</skinWidth>
              <NxGroupsMask id="groupsMask"/>
            </NxShapeDesc>
          </NxBoxShapeDesc>
          <NxBoxShapeDesc dimensions="0.07 0.129999995 0.07">
            <NxShapeDesc>
              <localPose>-0.290083587 0.842463315 -0.45399043  0.147804856 -0.429256499 -0.891006649  -0.945518613 -0.325568259 -0.000000119  -0.049999997 -0.119999997 -0.039999999</localPose>
              <group>14</group>
              <materialIndex>14</materialIndex>
              <skinWidth>0.025</skinWidth>
              <NxGroupsMask id="groupsMask"/>
            </NxShapeDesc>
          </NxBoxShapeDesc>
        </NxActorDesc>
        <NxActorDesc id="Actor_14" userProperties="_castType_2_objType_2_objIndex_3" hasBody="true" name="CracksType">
          <globalPose>0.982780159 -0.115204483 0.144468188  0.14351058 -0.016607568 -0.989509225  0.116395205 0.993202806 0.000211477  19.633663177 35.134971619 -42.706214905</globalPose>
          <NxBodyDesc id="body">
            <massLocalPose>0.999662459 -0.025829386 0.002795469  0.025480289 0.953727365 -0.299591124  0.00507214 0.299561203 0.954063594  0.046 -0.032000002 -0.016000001</massLocalPose>
            <massSpaceInertia>0.082959048 1.155234933 1.18832624</massSpaceInertia>
            <mass>14.999999046</mass>
            <wakeUpCounter>0</wakeUpCounter>
            <maxAngularVelocity>7</maxAngularVelocity>
            <sleepLinearVelocity>0.150000006</sleepLinearVelocity>
            <sleepAngularVelocity>0.140000001</sleepAngularVelocity>
          </NxBodyDesc>
          <group>2</group>
          <NxBoxShapeDesc dimensions="0.519999981 0.07 0.07">
            <NxShapeDesc>
              <localPose>1 0 0  0 1 0  0 0 1  0.07 -0.01 -0.01</localPose>
              <group>14</group>
              <materialIndex>14</materialIndex>
              <skinWidth>0.025</skinWidth>
              <NxGroupsMask id="groupsMask"/>
            </NxShapeDesc>
          </NxBoxShapeDesc>
          <NxBoxShapeDesc dimensions="0.07 0.129999995 0.07">
            <NxShapeDesc>
              <localPose>-0.290083587 0.842463315 -0.45399043  0.147804856 -0.429256499 -0.891006649  -0.945518613 -0.325568259 -0.000000119  -0.049999997 -0.119999997 -0.039999999</localPose>
              <group>14</group>
              <materialIndex>14</materialIndex>
              <skinWidth>0.025</skinWidth>
              <NxGroupsMask id="groupsMask"/>
            </NxShapeDesc>
          </NxBoxShapeDesc>
        </NxActorDesc>
        <NxActorDesc id="Actor_15" userProperties="_castType_2_objType_2_objIndex_0" hasBody="true" name="CracksType">
          <globalPose>0.931296706 -0.364043534 -0.012599379  -0.011726245 0.004608866 -0.999920428  0.36407268 0.931370318 0.000023369  17.22359848 35.135505676 -38.653575897</globalPose>
          <NxBodyDesc id="body">
            <massLocalPose>0.999662459 -0.025829386 0.002795469  0.025480289 0.953727365 -0.299591124  0.00507214 0.299561203 0.954063594  0.046 -0.032000002 -0.016000001</massLocalPose>
            <massSpaceInertia>0.082959048 1.155234933 1.18832624</massSpaceInertia>
            <mass>14.999999046</mass>
            <wakeUpCounter>0</wakeUpCounter>
            <maxAngularVelocity>7</maxAngularVelocity>
            <sleepLinearVelocity>0.150000006</sleepLinearVelocity>
            <sleepAngularVelocity>0.140000001</sleepAngularVelocity>
          </NxBodyDesc>
          <group>2</group>
          <NxBoxShapeDesc dimensions="0.519999981 0.07 0.07">
            <NxShapeDesc>
              <localPose>1 0 0  0 1 0  0 0 1  0.07 -0.01 -0.01</localPose>
              <group>14</group>
              <materialIndex>14</materialIndex>
              <skinWidth>0.025</skinWidth>
              <NxGroupsMask id="groupsMask"/>
            </NxShapeDesc>
          </NxBoxShapeDesc>
          <NxBoxShapeDesc dimensions="0.07 0.129999995 0.07">
            <NxShapeDesc>
              <localPose>-0.290083587 0.842463315 -0.45399043  0.147804856 -0.429256499 -0.891006649  -0.945518613 -0.325568259 -0.000000119  -0.049999997 -0.119999997 -0.039999999</localPose>
              <group>14</group>
              <materialIndex>14</materialIndex>
              <skinWidth>0.025</skinWidth>
              <NxGroupsMask id="groupsMask"/>
            </NxShapeDesc>
          </NxBoxShapeDesc>
        </NxActorDesc>
        <NxActorDesc id="Actor_16" userProperties="_castType_2_objType_2_objIndex_1" hasBody="true" name="CracksType">
          <globalPose>0.990377545 -0.137829125 -0.012469433  -0.012303405 0.002055766 -0.999922931  0.137844026 0.990454614 0.000340211  21.350341797 35.077228546 -43.860954285</globalPose>
          <NxBodyDesc id="body">
            <massLocalPose>0.999662459 -0.025829386 0.002795469  0.025480289 0.953727365 -0.299591124  0.00507214 0.299561203 0.954063594  0.046 -0.032000002 -0.016000001</massLocalPose>
            <massSpaceInertia>0.082959048 1.155234933 1.18832624</massSpaceInertia>
            <mass>14.999999046</mass>
            <wakeUpCounter>0</wakeUpCounter>
            <maxAngularVelocity>7</maxAngularVelocity>
            <sleepLinearVelocity>0.150000006</sleepLinearVelocity>
            <sleepAngularVelocity>0.140000001</sleepAngularVelocity>
          </NxBodyDesc>
          <group>2</group>
          <NxBoxShapeDesc dimensions="0.519999981 0.07 0.07">
            <NxShapeDesc>
              <localPose>1 0 0  0 1 0  0 0 1  0.07 -0.01 -0.01</localPose>
              <group>14</group>
              <materialIndex>14</materialIndex>
              <skinWidth>0.025</skinWidth>
              <NxGroupsMask id="groupsMask"/>
            </NxShapeDesc>
          </NxBoxShapeDesc>
          <NxBoxShapeDesc dimensions="0.07 0.129999995 0.07">
            <NxShapeDesc>
              <localPose>-0.290083587 0.842463315 -0.45399043  0.147804856 -0.429256499 -0.891006649  -0.945518613 -0.325568259 -0.000000119  -0.049999997 -0.119999997 -0.039999999</localPose>
              <group>14</group>
              <materialIndex>14</materialIndex>
              <skinWidth>0.025</skinWidth>
              <NxGroupsMask id="groupsMask"/>
            </NxShapeDesc>
          </NxBoxShapeDesc>
        </NxActorDesc>
        <NxActorDesc id="Actor_17" userProperties="_castType_2_objType_2_objIndex_2" hasBody="true" name="CracksType">
          <globalPose>0.988542795 -0.150474787 -0.011848174  -0.011911772 0.000479063 -0.999928594  0.15046975 0.988613367 -0.001318844  21.369195938 35.077220917 -45.052433014</globalPose>
          <NxBodyDesc id="body">
            <massLocalPose>0.999662459 -0.025829386 0.002795469  0.025480289 0.953727365 -0.299591124  0.00507214 0.299561203 0.954063594  0.046 -0.032000002 -0.016000001</massLocalPose>
            <massSpaceInertia>0.082959048 1.155234933 1.18832624</massSpaceInertia>
            <mass>14.999999046</mass>
            <wakeUpCounter>0</wakeUpCounter>
            <maxAngularVelocity>7</maxAngularVelocity>
            <sleepLinearVelocity>0.150000006</sleepLinearVelocity>
            <sleepAngularVelocity>0.140000001</sleepAngularVelocity>
          </NxBodyDesc>
          <group>2</group>
          <NxBoxShapeDesc dimensions="0.519999981 0.07 0.07">
            <NxShapeDesc>
              <localPose>1 0 0  0 1 0  0 0 1  0.07 -0.01 -0.01</localPose>
              <group>14</group>
              <materialIndex>14</materialIndex>
              <skinWidth>0.025</skinWidth>
              <NxGroupsMask id="groupsMask"/>
            </NxShapeDesc>
          </NxBoxShapeDesc>
          <NxBoxShapeDesc dimensions="0.07 0.129999995 0.07">
            <NxShapeDesc>
              <localPose>-0.290083587 0.842463315 -0.45399043  0.147804856 -0.429256499 -0.891006649  -0.945518613 -0.325568259 -0.000000119  -0.049999997 -0.119999997 -0.039999999</localPose>
              <group>14</group>
              <materialIndex>14</materialIndex>
              <skinWidth>0.025</skinWidth>
              <NxGroupsMask id="groupsMask"/>
            </NxShapeDesc>
          </NxBoxShapeDesc>
        </NxActorDesc>
        <NxActorDesc id="Actor_18" userProperties="_castType_2_objType_2_objIndex_5" hasBody="true" name="CracksType">
          <globalPose>0.989291012 -0.145435482 -0.012323238  -0.012136422 0.002172161 -0.999923527  0.145451188 0.989364922 0.000383837  13.986810684 35.077266693 -56.998233795</globalPose>
          <NxBodyDesc id="body">
            <massLocalPose>0.999662459 -0.025829386 0.002795469  0.025480289 0.953727365 -0.299591124  0.00507214 0.299561203 0.954063594  0.046 -0.032000002 -0.016000001</massLocalPose>
            <massSpaceInertia>0.082959048 1.155234933 1.18832624</massSpaceInertia>
            <mass>14.999999046</mass>
