  <NXUSTREAM2>
    <NxuPhysicsCollection id="saves/save008/prison_egorov/prison_01.xml" sdkVersion="272" nxuVersion="103">
      <NxPhysicsSDKDesc id="SDK"/>
      <NxSceneDesc id="Scene_0">
        <NxGroupsMask id="groupMask0"/>
        <NxGroupsMask id="groupMask1"/>
        <NxSceneLimits id="limits"/>
        <NxActorDesc id="Actor_0" userProperties="_castType_2_objType_1_objIndex_7" hasBody="true" name="testActorName">
          <globalPose>0.000000358 0 1  0 1 0  -1 0 0.000000358  9.279999733 0.919998884 -3.109999418</globalPose>
          <NxBodyDesc id="body">
            <massLocalPose>1 0 0  0 1 0  0 0 1  0.610000014 1.159999967 0</massLocalPose>
            <massSpaceInertia>18.006666183 4.865333557 22.741333008</massSpaceInertia>
            <mass>40</mass>
            <maxAngularVelocity>7</maxAngularVelocity>
            <NxBodyFlag id="flags">
              <NX_BF_DISABLE_GRAVITY>false</NX_BF_DISABLE_GRAVITY>
              <NX_BF_FROZEN_POS_X>false</NX_BF_FROZEN_POS_X>
              <NX_BF_FROZEN_POS_Y>false</NX_BF_FROZEN_POS_Y>
              <NX_BF_FROZEN_POS_Z>false</NX_BF_FROZEN_POS_Z>
              <NX_BF_FROZEN_ROT_X>false</NX_BF_FROZEN_ROT_X>
              <NX_BF_FROZEN_ROT_Y>false</NX_BF_FROZEN_ROT_Y>
              <NX_BF_FROZEN_ROT_Z>false</NX_BF_FROZEN_ROT_Z>
              <NX_BF_KINEMATIC>true</NX_BF_KINEMATIC>
              <NX_BF_VISUALIZATION>true</NX_BF_VISUALIZATION>
              <NX_BF_POSE_SLEEP_TEST>false</NX_BF_POSE_SLEEP_TEST>
              <NX_BF_FILTER_SLEEP_VEL>false</NX_BF_FILTER_SLEEP_VEL>
              <NX_BF_ENERGY_SLEEP_TEST>true</NX_BF_ENERGY_SLEEP_TEST>
            </NxBodyFlag>
            <sleepLinearVelocity>0.150000006</sleepLinearVelocity>
            <sleepAngularVelocity>0.140000001</sleepAngularVelocity>
          </NxBodyDesc>
          <group>2</group>
          <NxBoxShapeDesc dimensions="0.599999964 1.159999967 0.07">
            <NxShapeDesc>
              <localPose>0.258816183 0.000645768 0.96592617  -0.002494428 0.999996901 -0.000000175  -0.96592319 -0.002409388 0.258817017  0.159232408 1.161067009 -0.594266951</localPose>
              <group>2</group>
              <materialIndex>14</materialIndex>
              <skinWidth>0.025</skinWidth>
              <NxGroupsMask id="groupsMask"/>
            </NxShapeDesc>
          </NxBoxShapeDesc>
          <NxBoxShapeDesc dimensions="0.599999964 1.159999967 0.07">
            <NxShapeDesc>
              <localPose>0.258816183 0.000645768 0.96592617  -0.002494428 0.999996901 -0.000000175  -0.96592319 -0.002409388 0.258817017  0.159232408 1.161067009 -0.594266951</localPose>
              <NxShapeFlag id="shapeFlags">
                <NX_TRIGGER_ON_ENTER>true</NX_TRIGGER_ON_ENTER>
                <NX_TRIGGER_ON_LEAVE>true</NX_TRIGGER_ON_LEAVE>
                <NX_TRIGGER_ON_STAY>true</NX_TRIGGER_ON_STAY>
                <NX_SF_VISUALIZATION>true</NX_SF_VISUALIZATION>
                <NX_SF_DISABLE_COLLISION>false</NX_SF_DISABLE_COLLISION>
                <NX_SF_FEATURE_INDICES>false</NX_SF_FEATURE_INDICES>
                <NX_SF_DISABLE_RAYCASTING>false</NX_SF_DISABLE_RAYCASTING>
                <NX_SF_POINT_CONTACT_FORCE>false</NX_SF_POINT_CONTACT_FORCE>
                <NX_SF_FLUID_DRAIN>false</NX_SF_FLUID_DRAIN>
                <NX_SF_FLUID_DISABLE_COLLISION>false</NX_SF_FLUID_DISABLE_COLLISION>
                <NX_SF_FLUID_TWOWAY>false</NX_SF_FLUID_TWOWAY>
                <NX_SF_DISABLE_RESPONSE>false</NX_SF_DISABLE_RESPONSE>
                <NX_SF_DYNAMIC_DYNAMIC_CCD>false</NX_SF_DYNAMIC_DYNAMIC_CCD>
                <NX_SF_DISABLE_SCENE_QUERIES>false</NX_SF_DISABLE_SCENE_QUERIES>
                <NX_SF_CLOTH_DRAIN>false</NX_SF_CLOTH_DRAIN>
                <NX_SF_CLOTH_DISABLE_COLLISION>false</NX_SF_CLOTH_DISABLE_COLLISION>
                <NX_SF_CLOTH_TWOWAY>false</NX_SF_CLOTH_TWOWAY>
                <NX_SF_SOFTBODY_DRAIN>false</NX_SF_SOFTBODY_DRAIN>
                <NX_SF_SOFTBODY_DISABLE_COLLISION>false</NX_SF_SOFTBODY_DISABLE_COLLISION>
                <NX_SF_SOFTBODY_TWOWAY>false</NX_SF_SOFTBODY_TWOWAY>
              </NxShapeFlag>
              <group>2</group>
              <materialIndex>14</materialIndex>
              <skinWidth>0.025</skinWidth>
              <NxGroupsMask id="groupsMask"/>
            </NxShapeDesc>
          </NxBoxShapeDesc>
        </NxActorDesc>
        <NxActorDesc id="Actor_1" userProperties="_castType_2_objType_1_objIndex_10" hasBody="true" name="testActorName">
          <globalPose>-0.143108368 0 -0.989706993  0 1 0  0.989706993 0 -0.143108368  2.662783384 2.089515448 -5.412514687</globalPose>
          <NxBodyDesc id="body">
            <massLocalPose>1 0 0  0 1 0  0 0 1  -0.000001676 -0.000000101 -0.032271966</massLocalPose>
            <massSpaceInertia>2.482807398 2.525285721 3.552109003</massSpaceInertia>
            <mass>51</mass>
            <wakeUpCounter>0</wakeUpCounter>
            <maxAngularVelocity>7</maxAngularVelocity>
            <sleepLinearVelocity>0.150000006</sleepLinearVelocity>
            <sleepAngularVelocity>0.140000001</sleepAngularVelocity>
          </NxBodyDesc>
          <group>2</group>
          <NxBoxShapeDesc dimensions="0.337943256 0.33581087 0.180732384">
            <NxShapeDesc>
              <localPose>1 0 0  0 1 0  0 0 1  -0.000002026 -0.000000122 0</localPose>
              <group>2</group>
              <materialIndex>19</materialIndex>
              <skinWidth>0.025</skinWidth>
              <NxGroupsMask id="groupsMask"/>
            </NxShapeDesc>
          </NxBoxShapeDesc>
          <NxBoxShapeDesc dimensions="0.25518164 0.239864916 0.07">
            <NxShapeDesc>
              <localPose>1 0 0  0 1 0  0 0 1  0 0 -0.186756775</localPose>
              <group>2</group>
              <materialIndex>13</materialIndex>
              <skinWidth>0.025</skinWidth>
              <NxGroupsMask id="groupsMask"/>
            </NxShapeDesc>
          </NxBoxShapeDesc>
          <dominanceGroup>2</dominanceGroup>
        </NxActorDesc>
        <NxActorDesc id="Actor_2" userProperties="_castType_2_objType_1_objIndex_11" hasBody="true" name="testActorName">
          <globalPose>-0.001821756 0 -0.999998212  0 1 0  0.999998212 0 -0.001821756  2.641608715 2.084688902 -4.343420506</globalPose>
          <NxBodyDesc id="body">
            <massLocalPose>1 0 0  0 1 0  0 0 1  -0.000001676 -0.000000101 -0.032271966</massLocalPose>
            <massSpaceInertia>2.482807398 2.525285721 3.552109003</massSpaceInertia>
            <mass>51</mass>
            <wakeUpCounter>0</wakeUpCounter>
            <maxAngularVelocity>7</maxAngularVelocity>
            <sleepLinearVelocity>0.150000006</sleepLinearVelocity>
            <sleepAngularVelocity>0.140000001</sleepAngularVelocity>
          </NxBodyDesc>
          <group>2</group>
          <NxBoxShapeDesc dimensions="0.337943256 0.33581087 0.180732384">
            <NxShapeDesc>
              <localPose>1 0 0  0 1 0  0 0 1  -0.000002026 -0.000000122 0</localPose>
              <group>2</group>
              <materialIndex>19</materialIndex>
              <skinWidth>0.025</skinWidth>
              <NxGroupsMask id="groupsMask"/>
            </NxShapeDesc>
          </NxBoxShapeDesc>
          <NxBoxShapeDesc dimensions="0.25518164 0.239864916 0.07">
            <NxShapeDesc>
              <localPose>1 0 0  0 1 0  0 0 1  0 0 -0.186756775</localPose>
              <group>2</group>
              <materialIndex>13</materialIndex>
              <skinWidth>0.025</skinWidth>
              <NxGroupsMask id="groupsMask"/>
            </NxShapeDesc>
          </NxBoxShapeDesc>
          <dominanceGroup>2</dominanceGroup>
        </NxActorDesc>
        <NxActorDesc id="Actor_3" userProperties="_castType_2_objType_1_objIndex_12" hasBody="true" name="testActorName">
          <globalPose>0.14975667 0 -0.988722861  0 1 0  0.988722861 0 0.14975667  2.632411957 2.087052345 -3.193087816</globalPose>
          <NxBodyDesc id="body">
            <massLocalPose>1 0 0  0 1 0  0 0 1  -0.000001676 -0.000000101 -0.032271966</massLocalPose>
            <massSpaceInertia>2.482807398 2.525285721 3.552109003</massSpaceInertia>
            <mass>51</mass>
            <wakeUpCounter>0</wakeUpCounter>
            <maxAngularVelocity>7</maxAngularVelocity>
            <sleepLinearVelocity>0.150000006</sleepLinearVelocity>
            <sleepAngularVelocity>0.140000001</sleepAngularVelocity>
          </NxBodyDesc>
          <group>2</group>
          <NxBoxShapeDesc dimensions="0.337943256 0.33581087 0.180732384">
            <NxShapeDesc>
              <localPose>1 0 0  0 1 0  0 0 1  -0.000002026 -0.000000122 0</localPose>
              <group>2</group>
              <materialIndex>19</materialIndex>
              <skinWidth>0.025</skinWidth>
              <NxGroupsMask id="groupsMask"/>
            </NxShapeDesc>
          </NxBoxShapeDesc>
          <NxBoxShapeDesc dimensions="0.25518164 0.239864916 0.07">
            <NxShapeDesc>
              <localPose>1 0 0  0 1 0  0 0 1  0 0 -0.186756775</localPose>
              <group>2</group>
              <materialIndex>13</materialIndex>
              <skinWidth>0.025</skinWidth>
              <NxGroupsMask id="groupsMask"/>
            </NxShapeDesc>
          </NxBoxShapeDesc>
          <dominanceGroup>2</dominanceGroup>
        </NxActorDesc>
        <NxActorDesc id="Actor_4" userProperties="_castType_2_objType_1_objIndex_13" hasBody="true" name="testActorName">
          <globalPose>0.991627276 0 -0.129132837  0 1 0  0.129132837 0 0.991627276  5.726933956 2.09343791 -1.523764729</globalPose>
          <NxBodyDesc id="body">
            <massLocalPose>1 0 0  0 1 0  0 0 1  -0.000001676 -0.000000101 -0.032271966</massLocalPose>
            <massSpaceInertia>2.482807398 2.525285721 3.552109003</massSpaceInertia>
            <mass>51</mass>
            <wakeUpCounter>0</wakeUpCounter>
            <maxAngularVelocity>7</maxAngularVelocity>
            <sleepLinearVelocity>0.150000006</sleepLinearVelocity>
            <sleepAngularVelocity>0.140000001</sleepAngularVelocity>
          </NxBodyDesc>
          <group>2</group>
          <NxBoxShapeDesc dimensions="0.337943256 0.33581087 0.180732384">
            <NxShapeDesc>
              <localPose>1 0 0  0 1 0  0 0 1  -0.000002026 -0.000000122 0</localPose>
              <group>2</group>
              <materialIndex>19</materialIndex>
              <skinWidth>0.025</skinWidth>
              <NxGroupsMask id="groupsMask"/>
            </NxShapeDesc>
          </NxBoxShapeDesc>
          <NxBoxShapeDesc dimensions="0.25518164 0.239864916 0.07">
            <NxShapeDesc>
              <localPose>1 0 0  0 1 0  0 0 1  0 0 -0.186756775</localPose>
              <group>2</group>
              <materialIndex>13</materialIndex>
              <skinWidth>0.025</skinWidth>
              <NxGroupsMask id="groupsMask"/>
            </NxShapeDesc>
          </NxBoxShapeDesc>
          <dominanceGroup>2</dominanceGroup>
        </NxActorDesc>
        <NxActorDesc id="Actor_5" userProperties="_castType_2_objType_1_objIndex_14" hasBody="true" name="testActorName">
          <globalPose>0.999924541 0 0.012284052  0 1 0  -0.012284052 0 0.999924541  6.796219349 2.088611364 -1.517675281</globalPose>
          <NxBodyDesc id="body">
            <massLocalPose>1 0 0  0 1 0  0 0 1  -0.000001676 -0.000000101 -0.032271966</massLocalPose>
            <massSpaceInertia>2.482807398 2.525285721 3.552109003</massSpaceInertia>
            <mass>51</mass>
            <wakeUpCounter>0</wakeUpCounter>
            <maxAngularVelocity>7</maxAngularVelocity>
            <sleepLinearVelocity>0.150000006</sleepLinearVelocity>
            <sleepAngularVelocity>0.140000001</sleepAngularVelocity>
          </NxBodyDesc>
          <group>2</group>
          <NxBoxShapeDesc dimensions="0.337943256 0.33581087 0.180732384">
            <NxShapeDesc>
              <localPose>1 0 0  0 1 0  0 0 1  -0.000002026 -0.000000122 0</localPose>
              <group>2</group>
              <materialIndex>19</materialIndex>
              <skinWidth>0.025</skinWidth>
              <NxGroupsMask id="groupsMask"/>
            </NxShapeDesc>
          </NxBoxShapeDesc>
          <NxBoxShapeDesc dimensions="0.25518164 0.239864916 0.07">
            <NxShapeDesc>
              <localPose>1 0 0  0 1 0  0 0 1  0 0 -0.186756775</localPose>
              <group>2</group>
              <materialIndex>13</materialIndex>
              <skinWidth>0.025</skinWidth>
              <NxGroupsMask id="groupsMask"/>
            </NxShapeDesc>
          </NxBoxShapeDesc>
          <dominanceGroup>2</dominanceGroup>
        </NxActorDesc>
        <NxActorDesc id="Actor_6" userProperties="_castType_2_objType_1_objIndex_15" hasBody="true" name="testActorName">
          <globalPose>0.986511946 0 0.163689256  0 1 0  -0.163689256 0 0.986511946  7.946565151 2.090974808 -1.524705648</globalPose>
          <NxBodyDesc id="body">
            <massLocalPose>1 0 0  0 1 0  0 0 1  -0.000001676 -0.000000101 -0.032271966</massLocalPose>
            <massSpaceInertia>2.482807398 2.525285721 3.552109003</massSpaceInertia>
            <mass>51</mass>
            <wakeUpCounter>0</wakeUpCounter>
            <maxAngularVelocity>7</maxAngularVelocity>
            <sleepLinearVelocity>0.150000006</sleepLinearVelocity>
            <sleepAngularVelocity>0.140000001</sleepAngularVelocity>
          </NxBodyDesc>
          <group>2</group>
          <NxBoxShapeDesc dimensions="0.337943256 0.33581087 0.180732384">
            <NxShapeDesc>
              <localPose>1 0 0  0 1 0  0 0 1  -0.000002026 -0.000000122 0</localPose>
              <group>2</group>
              <materialIndex>19</materialIndex>
              <skinWidth>0.025</skinWidth>
              <NxGroupsMask id="groupsMask"/>
            </NxShapeDesc>
          </NxBoxShapeDesc>
          <NxBoxShapeDesc dimensions="0.25518164 0.239864916 0.07">
            <NxShapeDesc>
              <localPose>1 0 0  0 1 0  0 0 1  0 0 -0.186756775</localPose>
              <group>2</group>
              <materialIndex>13</materialIndex>
              <skinWidth>0.025</skinWidth>
              <NxGroupsMask id="groupsMask"/>
            </NxShapeDesc>
          </NxBoxShapeDesc>
          <dominanceGroup>2</dominanceGroup>
        </NxActorDesc>
        <NxActorDesc id="Actor_7" userProperties="_castType_2_objType_1_objIndex_23" hasBody="true" name="testActorName">
          <globalPose>0.000000477 0.67942369 0.733746171  -1 0.000000596 0.000000089  -0.000000387 -0.733746171 0.67942369  71.25617981 0.058563154 27.799661636</globalPose>
          <NxBodyDesc id="body">
            <massLocalPose>1 0 0  0 1 0  0 0 1  0 -0.034390248 0</massLocalPose>
            <massSpaceInertia>0.835641265 0.097999997 0.835641265</massSpaceInertia>
            <mass>29.999998093</mass>
            <wakeUpCounter>0</wakeUpCounter>
            <maxAngularVelocity>7</maxAngularVelocity>
            <sleepLinearVelocity>0.150000006</sleepLinearVelocity>
            <sleepAngularVelocity>0.140000001</sleepAngularVelocity>
          </NxBodyDesc>
          <group>2</group>
          <NxBoxShapeDesc dimensions="0.07 0.25 0.07">
            <NxShapeDesc>
              <localPose>1 0 0  0 1 0  0 0 1  0 -0.059999999 0</localPose>
              <group>2</group>
              <materialIndex>19</materialIndex>
              <skinWidth>0.025</skinWidth>
              <NxGroupsMask id="groupsMask"/>
            </NxShapeDesc>
          </NxBoxShapeDesc>
          <NxBoxShapeDesc dimensions="0.07 0.25 0.07">
            <NxShapeDesc>
              <localPose>0.500000179 0 0.866025269  0 1 0  -0.866025269 0 0.500000179  0 -0.059999999 0</localPose>
              <group>2</group>
              <materialIndex>19</materialIndex>
              <skinWidth>0.025</skinWidth>
              <NxGroupsMask id="groupsMask"/>
            </NxShapeDesc>
          </NxBoxShapeDesc>
          <NxBoxShapeDesc dimensions="0.07 0.25 0.07">
            <NxShapeDesc>
              <localPose>0.500000179 0 -0.866025269  0 1 0  0.866025269 0 0.500000179  0 -0.059999999 0</localPose>
              <group>2</group>
              <materialIndex>19</materialIndex>
              <skinWidth>0.025</skinWidth>
              <NxGroupsMask id="groupsMask"/>
            </NxShapeDesc>
          </NxBoxShapeDesc>
          <NxBoxShapeDesc dimensions="0.07 0.07 0.07">
            <NxShapeDesc>
              <localPose>1 0 0  0 1 0  0 0 1  0 0.239999995 0</localPose>
              <group>2</group>
              <materialIndex>19</materialIndex>
              <skinWidth>0.025</skinWidth>
              <NxGroupsMask id="groupsMask"/>
            </NxShapeDesc>
          </NxBoxShapeDesc>
          <dominanceGroup>2</dominanceGroup>
        </NxActorDesc>
        <NxActorDesc id="Actor_8" userProperties="_castType_2_objType_1_objIndex_24" hasBody="true" name="testActorName">
          <globalPose>-0.000002444 0.321990788 0.946743727  -1.000000954 -0.000002563 -0.000001162  0.000001222 -0.946743727 0.321989864  62.020915985 0.060856838 20.425457001</globalPose>
          <NxBodyDesc id="body">
            <massSpaceInertia>0.416666597 0.065333337 0.416666597</massSpaceInertia>
            <mass>20</mass>
            <wakeUpCounter>0</wakeUpCounter>
            <maxAngularVelocity>7</maxAngularVelocity>
            <sleepLinearVelocity>0.150000006</sleepLinearVelocity>
            <sleepAngularVelocity>0.140000001</sleepAngularVelocity>
          </NxBodyDesc>
          <group>2</group>
          <NxBoxShapeDesc dimensions="0.07 0.149999991 0.07">
            <NxShapeDesc>
              <localPose>1 0 0  0 1 0  0 0 1  0 -0.089999996 0</localPose>
              <group>2</group>
              <materialIndex>13</materialIndex>
              <skinWidth>0.025</skinWidth>
              <NxGroupsMask id="groupsMask"/>
            </NxShapeDesc>
          </NxBoxShapeDesc>
          <NxBoxShapeDesc dimensions="0.07 0.089999996 0.07">
            <NxShapeDesc>
              <localPose>1 0 0  0 1 0  0 0 1  0 0.149999991 0</localPose>
              <group>2</group>
              <materialIndex>13</materialIndex>
              <skinWidth>0.025</skinWidth>
              <NxGroupsMask id="groupsMask"/>
            </NxShapeDesc>
          </NxBoxShapeDesc>
          <dominanceGroup>2</dominanceGroup>
        </NxActorDesc>
        <NxActorDesc id="Actor_9" userProperties="_castType_2_objType_1_objIndex_25" hasBody="true" name="testActorName">
          <globalPose>0.000000149 -0.418059587 0.90841949  -0.999999881 0.00000003 -0.00000003  0.000000119 -0.90841949 -0.418059468  59.271286011 0.060856838 17.903278351</globalPose>
          <NxBodyDesc id="body">
            <massSpaceInertia>0.416666597 0.065333337 0.416666597</massSpaceInertia>
            <mass>20</mass>
            <wakeUpCounter>0</wakeUpCounter>
            <maxAngularVelocity>7</maxAngularVelocity>
            <sleepLinearVelocity>0.150000006</sleepLinearVelocity>
            <sleepAngularVelocity>0.140000001</sleepAngularVelocity>
          </NxBodyDesc>
          <group>2</group>
          <NxBoxShapeDesc dimensions="0.07 0.149999991 0.07">
            <NxShapeDesc>
              <localPose>1 0 0  0 1 0  0 0 1  0 -0.089999996 0</localPose>
              <group>2</group>
              <materialIndex>13</materialIndex>
              <skinWidth>0.025</skinWidth>
              <NxGroupsMask id="groupsMask"/>
            </NxShapeDesc>
          </NxBoxShapeDesc>
          <NxBoxShapeDesc dimensions="0.07 0.089999996 0.07">
            <NxShapeDesc>
              <localPose>1 0 0  0 1 0  0 0 1  0 0.149999991 0</localPose>
              <group>2</group>
              <materialIndex>13</materialIndex>
              <skinWidth>0.025</skinWidth>
              <NxGroupsMask id="groupsMask"/>
            </NxShapeDesc>
          </NxBoxShapeDesc>
          <dominanceGroup>2</dominanceGroup>
        </NxActorDesc>
        <NxActorDesc id="Actor_10" userProperties="_castType_2_objType_1_objIndex_26" hasBody="true" name="testActorName">
          <globalPose>0 -0.872409642 -0.488775551  -1.000000119 -0.000000119 -0.00000006  0.000000015 0.488775581 -0.872409701  58.519260406 0.060856838 27.723285675</globalPose>
          <NxBodyDesc id="body">
            <massSpaceInertia>0.416666597 0.065333337 0.416666597</massSpaceInertia>
            <mass>20</mass>
            <wakeUpCounter>0</wakeUpCounter>
            <maxAngularVelocity>7</maxAngularVelocity>
            <sleepLinearVelocity>0.150000006</sleepLinearVelocity>
            <sleepAngularVelocity>0.140000001</sleepAngularVelocity>
          </NxBodyDesc>
          <group>2</group>
          <NxBoxShapeDesc dimensions="0.07 0.149999991 0.07">
            <NxShapeDesc>
              <localPose>1 0 0  0 1 0  0 0 1  0 -0.089999996 0</localPose>
              <group>2</group>
              <materialIndex>13</materialIndex>
              <skinWidth>0.025</skinWidth>
              <NxGroupsMask id="groupsMask"/>
            </NxShapeDesc>
          </NxBoxShapeDesc>
          <NxBoxShapeDesc dimensions="0.07 0.089999996 0.07">
            <NxShapeDesc>
              <localPose>1 0 0  0 1 0  0 0 1  0 0.149999991 0</localPose>
              <group>2</group>
              <materialIndex>13</materialIndex>
              <skinWidth>0.025</skinWidth>
              <NxGroupsMask id="groupsMask"/>
            </NxShapeDesc>
          </NxBoxShapeDesc>
          <dominanceGroup>2</dominanceGroup>
        </NxActorDesc>
        <NxActorDesc id="Actor_11" userProperties="_castType_2_objType_1_objIndex_27" hasBody="true" name="testActorName">
          <globalPose>0.000001192 0.658314347 -0.752742648  -0.999999642 0.000001192 -0.000000358  0.000000358 0.752742648 0.658314705  74.525733948 0.060856838 26.860548019</globalPose>
          <NxBodyDesc id="body">
            <massSpaceInertia>0.416666597 0.065333337 0.416666597</massSpaceInertia>
            <mass>20</mass>
            <wakeUpCounter>0</wakeUpCounter>
            <maxAngularVelocity>7</maxAngularVelocity>
            <sleepLinearVelocity>0.150000006</sleepLinearVelocity>
            <sleepAngularVelocity>0.140000001</sleepAngularVelocity>
          </NxBodyDesc>
          <group>2</group>
          <NxBoxShapeDesc dimensions="0.07 0.149999991 0.07">
            <NxShapeDesc>
              <localPose>1 0 0  0 1 0  0 0 1  0 -0.089999996 0</localPose>
              <group>2</group>
              <materialIndex>13</materialIndex>
              <skinWidth>0.025</skinWidth>
              <NxGroupsMask id="groupsMask"/>
            </NxShapeDesc>
          </NxBoxShapeDesc>
          <NxBoxShapeDesc dimensions="0.07 0.089999996 0.07">
            <NxShapeDesc>
              <localPose>1 0 0  0 1 0  0 0 1  0 0.149999991 0</localPose>
              <group>2</group>
              <materialIndex>13</materialIndex>
              <skinWidth>0.025</skinWidth>
              <NxGroupsMask id="groupsMask"/>
            </NxShapeDesc>
          </NxBoxShapeDesc>
          <dominanceGroup>2</dominanceGroup>
        </NxActorDesc>
        <NxActorDesc id="Actor_12" userProperties="_castType_2_objType_1_objIndex_28" hasBody="true" name="testActorName">
          <globalPose>0.449284762 0.000345186 -0.89338845  -0.000051231 0.99999994 0.000360615  0.893388569 -0.00011625 0.449284732  64.702522278 0.293685019 17.899013519</globalPose>
          <NxBodyDesc id="body">
            <massSpaceInertia>2.157333136 3.803999901 3.057333231</massSpaceInertia>
            <mass>40</mass>
            <wakeUpCounter>0</wakeUpCounter>
            <maxAngularVelocity>7</maxAngularVelocity>
            <sleepLinearVelocity>0.150000006</sleepLinearVelocity>
            <sleepAngularVelocity>0.140000001</sleepAngularVelocity>
          </NxBodyDesc>
          <group>2</group>
          <NxBoxShapeDesc dimensions="0.419999987 0.229999989 0.329999983">
            <NxShapeDesc>
              <group>2</group>
              <materialIndex>22</materialIndex>
              <skinWidth>0.025</skinWidth>
              <NxGroupsMask id="groupsMask"/>
            </NxShapeDesc>
          </NxBoxShapeDesc>
          <dominanceGroup>2</dominanceGroup>
        </NxActorDesc>
        <NxActorDesc id="Actor_13" userProperties="_castType_2_objType_1_objIndex_29" hasBody="true" name="testActorName">
          <globalPose>0.589662731 0.000409186 -0.807649732  -0.00007807 0.999999881 0.000449639  0.807649851 -0.000202083 0.589662671  54.602443695 0.293683201 17.62979126</globalPose>
          <NxBodyDesc id="body">
            <massSpaceInertia>2.157333136 3.803999901 3.057333231</massSpaceInertia>
            <mass>40</mass>
            <wakeUpCounter>0</wakeUpCounter>
            <maxAngularVelocity>7</maxAngularVelocity>
            <sleepLinearVelocity>0.150000006</sleepLinearVelocity>
            <sleepAngularVelocity>0.140000001</sleepAngularVelocity>
          </NxBodyDesc>
          <group>2</group>
          <NxBoxShapeDesc dimensions="0.419999987 0.229999989 0.329999983">
            <NxShapeDesc>
              <group>2</group>
              <materialIndex>22</materialIndex>
              <skinWidth>0.025</skinWidth>
              <NxGroupsMask id="groupsMask"/>
            </NxShapeDesc>
          </NxBoxShapeDesc>
          <dominanceGroup>2</dominanceGroup>
        </NxActorDesc>
        <NxActorDesc id="Actor_14" userProperties="_castType_2_objType_1_objIndex_42" hasBody="true" name="testActorName">
          <globalPose>1 0 0  0 1 0  0 0 1  -7.8531003 1.619398117 21.875200272</globalPose>
          <NxBodyDesc id="body">
            <massSpaceInertia>91.346672058 32.693332672 91.346664429</massSpaceInertia>
            <mass>400</mass>
            <wakeUpCounter>0</wakeUpCounter>
            <maxAngularVelocity>7</maxAngularVelocity>
            <sleepLinearVelocity>0.150000006</sleepLinearVelocity>
            <sleepAngularVelocity>0.140000001</sleepAngularVelocity>
          </NxBodyDesc>
          <group>2</group>
          <NxBoxShapeDesc dimensions="0.340000004 0.75 0.359999985">
            <NxShapeDesc>
              <group>2</group>
              <materialIndex>15</materialIndex>
              <skinWidth>0.025</skinWidth>
              <NxGroupsMask id="groupsMask"/>
            </NxShapeDesc>
          </NxBoxShapeDesc>
          <NxBoxShapeDesc dimensions="0.340000004 0.75 0.359999985">
            <NxShapeDesc>
              <localPose>0.500000179 0 0.866025269  0 1 0  -0.866025269 0 0.500000179  0 0 0</localPose>
              <group>2</group>
              <materialIndex>15</materialIndex>
              <skinWidth>0.025</skinWidth>
              <NxGroupsMask id="groupsMask"/>
            </NxShapeDesc>
          </NxBoxShapeDesc>
          <NxBoxShapeDesc dimensions="0.340000004 0.75 0.359999985">
            <NxShapeDesc>
              <localPose>-0.500000119 0 0.866025329  0 1 0  -0.866025329 0 -0.500000119  0 0 0</localPose>
              <group>2</group>
              <materialIndex>15</materialIndex>
              <skinWidth>0.025</skinWidth>
              <NxGroupsMask id="groupsMask"/>
            </NxShapeDesc>
          </NxBoxShapeDesc>
          <dominanceGroup>3</dominanceGroup>
        </NxActorDesc>
        <NxActorDesc id="Actor_15" userProperties="_castType_2_objType_1_objIndex_43" hasBody="true" name="testActorName">
          <globalPose>1 0 0  0 1 0  0 0 1  -6.530917168 1.618904948 22.046918869</globalPose>
          <NxBodyDesc id="body">
            <massSpaceInertia>91.346672058 32.693332672 91.346664429</massSpaceInertia>
            <mass>400</mass>
            <wakeUpCounter>0</wakeUpCounter>
            <maxAngularVelocity>7</maxAngularVelocity>
            <sleepLinearVelocity>0.150000006</sleepLinearVelocity>
            <sleepAngularVelocity>0.140000001</sleepAngularVelocity>
          </NxBodyDesc>
          <group>2</group>
          <NxBoxShapeDesc dimensions="0.340000004 0.75 0.359999985">
            <NxShapeDesc>
              <group>2</group>
              <materialIndex>15</materialIndex>
              <skinWidth>0.025</skinWidth>
              <NxGroupsMask id="groupsMask"/>
            </NxShapeDesc>
          </NxBoxShapeDesc>
          <NxBoxShapeDesc dimensions="0.340000004 0.75 0.359999985">
            <NxShapeDesc>
              <localPose>0.500000179 0 0.866025269  0 1 0  -0.866025269 0 0.500000179  0 0 0</localPose>
              <group>2</group>
              <materialIndex>15</materialIndex>
              <skinWidth>0.025</skinWidth>
              <NxGroupsMask id="groupsMask"/>
            </NxShapeDesc>
          </NxBoxShapeDesc>
          <NxBoxShapeDesc dimensions="0.340000004 0.75 0.359999985">
            <NxShapeDesc>
              <localPose>-0.500000119 0 0.866025329  0 1 0  -0.866025329 0 -0.500000119  0 0 0</localPose>
              <group>2</group>
              <materialIndex>15</materialIndex>
              <skinWidth>0.025</skinWidth>
              <NxGroupsMask id="groupsMask"/>
            </NxShapeDesc>
          </NxBoxShapeDesc>
          <dominanceGroup>3</dominanceGroup>
        </NxActorDesc>
        <NxActorDesc id="Actor_16" userProperties="_castType_2_objType_1_objIndex_44" hasBody="true" name="testActorName">
          <globalPose>1 0 0  0 1 0  0 0 1  -6.530917168 1.618904948 22.046918869</globalPose>
          <NxBodyDesc id="body">
            <massSpaceInertia>91.346672058 32.693332672 91.346664429</massSpaceInertia>
            <mass>400</mass>
            <wakeUpCounter>0</wakeUpCounter>
            <maxAngularVelocity>7</maxAngularVelocity>
            <sleepLinearVelocity>0.150000006</sleepLinearVelocity>
            <sleepAngularVelocity>0.140000001</sleepAngularVelocity>
          </NxBodyDesc>
          <group>2</group>
          <NxBoxShapeDesc dimensions="0.340000004 0.75 0.359999985">
            <NxShapeDesc>
              <group>2</group>
              <materialIndex>15</materialIndex>
              <skinWidth>0.025</skinWidth>
              <NxGroupsMask id="groupsMask"/>
            </NxShapeDesc>
          </NxBoxShapeDesc>
          <NxBoxShapeDesc dimensions="0.340000004 0.75 0.359999985">
            <NxShapeDesc>
              <localPose>0.500000179 0 0.866025269  0 1 0  -0.866025269 0 0.500000179  0 0 0</localPose>
              <group>2</group>
              <materialIndex>15</materialIndex>
              <skinWidth>0.025</skinWidth>
              <NxGroupsMask id="groupsMask"/>
            </NxShapeDesc>
          </NxBoxShapeDesc>
          <NxBoxShapeDesc dimensions="0.340000004 0.75 0.359999985">
            <NxShapeDesc>
              <localPose>-0.500000119 0 0.866025329  0 1 0  -0.866025329 0 -0.500000119  0 0 0</localPose>
              <group>2</group>
              <materialIndex>15</materialIndex>
              <skinWidth>0.025</skinWidth>
              <NxGroupsMask id="groupsMask"/>
            </NxShapeDesc>
          </NxBoxShapeDesc>
          <dominanceGroup>3</dominanceGroup>
        </NxActorDesc>
        <NxActorDesc id="Actor_17" userProperties="_castType_2_objType_1_objIndex_45" hasBody="true" name="testActorName">
          <globalPose>1 0 0  0 1 0  0 0 1  -7.016726017 1.618904948 20.682052612</globalPose>
          <NxBodyDesc id="body">
            <massSpaceInertia>91.346672058 32.693332672 91.346664429</massSpaceInertia>
            <mass>400</mass>
            <wakeUpCounter>0</wakeUpCounter>
            <maxAngularVelocity>7</maxAngularVelocity>
            <sleepLinearVelocity>0.150000006</sleepLinearVelocity>
            <sleepAngularVelocity>0.140000001</sleepAngularVelocity>
          </NxBodyDesc>
          <group>2</group>
          <NxBoxShapeDesc dimensions="0.340000004 0.75 0.359999985">
            <NxShapeDesc>
              <group>2</group>
              <materialIndex>15</materialIndex>
              <skinWidth>0.025</skinWidth>
              <NxGroupsMask id="groupsMask"/>
            </NxShapeDesc>
          </NxBoxShapeDesc>
          <NxBoxShapeDesc dimensions="0.340000004 0.75 0.359999985">
            <NxShapeDesc>
              <localPose>0.500000179 0 0.866025269  0 1 0  -0.866025269 0 0.500000179  0 0 0</localPose>
              <group>2</group>
              <materialIndex>15</materialIndex>
              <skinWidth>0.025</skinWidth>
              <NxGroupsMask id="groupsMask"/>
            </NxShapeDesc>
          </NxBoxShapeDesc>
          <NxBoxShapeDesc dimensions="0.340000004 0.75 0.359999985">
            <NxShapeDesc>
              <localPose>-0.500000119 0 0.866025329  0 1 0  -0.866025329 0 -0.500000119  0 0 0</localPose>
              <group>2</group>
              <materialIndex>15</materialIndex>
              <skinWidth>0.025</skinWidth>
              <NxGroupsMask id="groupsMask"/>
            </NxShapeDesc>
          </NxBoxShapeDesc>
          <dominanceGroup>3</dominanceGroup>
        </NxActorDesc>
        <NxActorDesc id="Actor_18" userProperties="_castType_2_objType_1_objIndex_46" hasBody="true" name="testActorName">
          <globalPose>1 0 0  0 1 0  0 0 1  -3.948225975 1.740938783 12.136175156</globalPose>
          <NxBodyDesc id="body">
            <massLocalPose>0.958859742 0 -0.283880293  0 1 0  0.283880293 0 0.958859742  0 0 0</massLocalPose>
            <massSpaceInertia>120.067756653 37.02199173 118.794281006</massSpaceInertia>
            <mass>400</mass>
            <wakeUpCounter>0</wakeUpCounter>
            <maxAngularVelocity>7</maxAngularVelocity>
            <sleepLinearVelocity>0.150000006</sleepLinearVelocity>
            <sleepAngularVelocity>0.140000001</sleepAngularVelocity>
          </NxBodyDesc>
          <group>2</group>
          <NxBoxShapeDesc dimensions="0.179999992 0.870000005 0.48999998">
            <NxShapeDesc>
              <group>2</group>
              <materialIndex>14</materialIndex>
              <skinWidth>0.025</skinWidth>
              <NxGroupsMask id="groupsMask"/>
            </NxShapeDesc>
          </NxBoxShapeDesc>
          <NxBoxShapeDesc dimensions="0.179999992 0.870000005 0.48999998">
            <NxShapeDesc>
              <localPose>0.766044497 0 -0.642787576  0 1 0  0.642787576 0 0.766044497  0 0 0</localPose>
              <group>2</group>
              <materialIndex>14</materialIndex>
              <skinWidth>0.025</skinWidth>
              <NxGroupsMask id="groupsMask"/>
            </NxShapeDesc>
          </NxBoxShapeDesc>
          <NxBoxShapeDesc dimensions="0.199999988 0.870000005 0.48999998">
            <NxShapeDesc>
              <localPose>0.104528427 0 -0.994521916  0 1 0  0.994521916 0 0.104528427  0 0 0</localPose>
              <group>2</group>
              <materialIndex>14</materialIndex>
              <skinWidth>0.025</skinWidth>
              <NxGroupsMask id="groupsMask"/>
            </NxShapeDesc>
          </NxBoxShapeDesc>
          <NxBoxShapeDesc dimensions="0.209999993 0.870000005 0.48999998">
            <NxShapeDesc>
              <localPose>-0.719339848 0 -0.694658518  0 1 0  0.694658518 0 -0.719339848  0 0 0</localPose>
              <group>2</group>
              <materialIndex>14</materialIndex>
              <skinWidth>0.025</skinWidth>
              <NxGroupsMask id="groupsMask"/>
            </NxShapeDesc>
          </NxBoxShapeDesc>
          <dominanceGroup>3</dominanceGroup>
        </NxActorDesc>
        <NxActorDesc id="Actor_19" userProperties="_castType_2_objType_1_objIndex_47" hasBody="true" name="testActorName">
          <globalPose>1 0 0  0 1 0  0 0 1  -3.401608467 1.740938783 11.069926262</globalPose>
          <NxBodyDesc id="body">
            <massLocalPose>0.958859742 0 -0.283880293  0 1 0  0.283880293 0 0.958859742  0 0 0</massLocalPose>
            <massSpaceInertia>120.067756653 37.02199173 118.794281006</massSpaceInertia>
            <mass>400</mass>
            <wakeUpCounter>0</wakeUpCounter>
            <maxAngularVelocity>7</maxAngularVelocity>
            <sleepLinearVelocity>0.150000006</sleepLinearVelocity>
            <sleepAngularVelocity>0.140000001</sleepAngularVelocity>
          </NxBodyDesc>
          <group>2</group>
          <NxBoxShapeDesc dimensions="0.179999992 0.870000005 0.48999998">
            <NxShapeDesc>
              <group>2</group>
              <materialIndex>14</materialIndex>
              <skinWidth>0.025</skinWidth>
              <NxGroupsMask id="groupsMask"/>
            </NxShapeDesc>
          </NxBoxShapeDesc>
          <NxBoxShapeDesc dimensions="0.179999992 0.870000005 0.48999998">
            <NxShapeDesc>
              <localPose>0.766044497 0 -0.642787576  0 1 0  0.642787576 0 0.766044497  0 0 0</localPose>
              <group>2</group>
              <materialIndex>14</materialIndex>
              <skinWidth>0.025</skinWidth>
              <NxGroupsMask id="groupsMask"/>
            </NxShapeDesc>
          </NxBoxShapeDesc>
          <NxBoxShapeDesc dimensions="0.199999988 0.870000005 0.48999998">
            <NxShapeDesc>
              <localPose>0.104528427 0 -0.994521916  0 1 0  0.994521916 0 0.104528427  0 0 0</localPose>
              <group>2</group>
              <materialIndex>14</materialIndex>
              <skinWidth>0.025</skinWidth>
              <NxGroupsMask id="groupsMask"/>
            </NxShapeDesc>
          </NxBoxShapeDesc>
          <NxBoxShapeDesc dimensions="0.209999993 0.870000005 0.48999998">
            <NxShapeDesc>
              <localPose>-0.719339848 0 -0.694658518  0 1 0  0.694658518 0 -0.719339848  0 0 0</localPose>
              <group>2</group>
              <materialIndex>14</materialIndex>
              <skinWidth>0.025</skinWidth>
              <NxGroupsMask id="groupsMask"/>
            </NxShapeDesc>
          </NxBoxShapeDesc>
          <dominanceGroup>3</dominanceGroup>
        </NxActorDesc>
        <NxActorDesc id="Actor_20" userProperties="_castType_2_objType_1_objIndex_52" hasBody="true" name="testActorName">
          <globalPose>1 0 0  0 1 0  0 0 1  4.532519341 1.255544424 -4.481935501</globalPose>
          <NxBodyDesc id="body">
            <massLocalPose>0.916196048 -0.080884755 0.39248237  0.097171307 0.995029509 -0.021772305  -0.388770491 0.058085725 0.919501781  0.001066162 0.124483556 0</massLocalPose>
            <massSpaceInertia>1.943083405 1.915071487 1.95149827</massSpaceInertia>
            <mass>29.999998093</mass>
            <wakeUpCounter>0</wakeUpCounter>
            <maxAngularVelocity>7</maxAngularVelocity>
            <sleepLinearVelocity>0.150000006</sleepLinearVelocity>
            <sleepAngularVelocity>0.140000001</sleepAngularVelocity>
          </NxBodyDesc>
          <group>2</group>
          <NxBoxShapeDesc dimensions="0.07 0.319999993 0.07">
            <NxShapeDesc>
              <localPose>0.999390841 -0.034899496 0  0.03485167 0.998021185 0.052335963  -0.001826499 -0.052304082 0.99862951  0.199999988 0 0.199999988</localPose>
              <group>2</group>
              <materialIndex>21</materialIndex>
              <skinWidth>0.025</skinWidth>
              <NxGroupsMask id="groupsMask"/>
            </NxShapeDesc>
          </NxBoxShapeDesc>
          <NxBoxShapeDesc dimensions="0.07 0.319999993 0.07">
            <NxShapeDesc>
              <localPose>0.99862951 0.052335974 0  -0.052264247 0.997260928 0.052335974  0.002739053 -0.052264247 0.99862951  -0.199999988 0 0.199999988</localPose>
              <group>2</group>
              <materialIndex>21</materialIndex>
              <skinWidth>0.025</skinWidth>
              <NxGroupsMask id="groupsMask"/>
            </NxShapeDesc>
          </NxBoxShapeDesc>
          <NxBoxShapeDesc dimensions="0.07 0.319999993 0.07">
            <NxShapeDesc>
              <localPose>0.99862951 -0.052335974 0  0.052264247 0.997260928 -0.052335974  0.002739053 0.052264247 0.99862951  0.209999993 0 -0.199999988</localPose>
              <group>2</group>
              <materialIndex>21</materialIndex>
