  <NXUSTREAM2>
    <NxuPhysicsCollection id="saves/save014/factory_gorin/factory_gorin.xml" sdkVersion="272" nxuVersion="103">
      <NxPhysicsSDKDesc id="SDK"/>
      <NxSceneDesc id="Scene_0">
        <NxGroupsMask id="groupMask0"/>
        <NxGroupsMask id="groupMask1"/>
        <NxSceneLimits id="limits"/>
        <NxActorDesc id="Actor_0" userProperties="_castType_2_objType_1_objIndex_140" hasBody="true" name="testActorName">
          <globalPose>0.000002742 -0.788010716 -0.615660667  0.999999523 0.000002742 0.000000775  0.000000775 -0.615660667 0.788011193  -73.309997559 -4.920000076 16.770000458</globalPose>
          <NxBodyDesc id="body">
            <massSpaceInertia>91.346672058 32.693332672 91.346664429</massSpaceInertia>
            <mass>400</mass>
            <wakeUpCounter>0</wakeUpCounter>
            <maxAngularVelocity>7</maxAngularVelocity>
            <sleepLinearVelocity>0.150000006</sleepLinearVelocity>
            <sleepAngularVelocity>0.140000001</sleepAngularVelocity>
          </NxBodyDesc>
          <group>2</group>
          <NxBoxShapeDesc dimensions="0.340000004 0.75 0.359999985">
            <NxShapeDesc>
              <group>2</group>
              <materialIndex>15</materialIndex>
              <skinWidth>0.025</skinWidth>
              <NxGroupsMask id="groupsMask"/>
            </NxShapeDesc>
          </NxBoxShapeDesc>
          <NxBoxShapeDesc dimensions="0.340000004 0.75 0.359999985">
            <NxShapeDesc>
              <localPose>0.500000179 0 0.866025269  0 1 0  -0.866025269 0 0.500000179  0 0 0</localPose>
              <group>2</group>
              <materialIndex>15</materialIndex>
              <skinWidth>0.025</skinWidth>
              <NxGroupsMask id="groupsMask"/>
            </NxShapeDesc>
          </NxBoxShapeDesc>
          <NxBoxShapeDesc dimensions="0.340000004 0.75 0.359999985">
            <NxShapeDesc>
              <localPose>-0.500000119 0 0.866025329  0 1 0  -0.866025329 0 -0.500000119  0 0 0</localPose>
              <group>2</group>
              <materialIndex>15</materialIndex>
              <skinWidth>0.025</skinWidth>
              <NxGroupsMask id="groupsMask"/>
            </NxShapeDesc>
          </NxBoxShapeDesc>
          <dominanceGroup>3</dominanceGroup>
        </NxActorDesc>
        <NxActorDesc id="Actor_1" userProperties="_castType_2_objType_1_objIndex_139" hasBody="true" name="testActorName">
          <globalPose>0.000002146 -0.994521618 0.104528353  0.999999762 0.000002146 -0.000000104  -0.000000104 0.104528353 0.994521856  -81.309997559 -4.920000076 10.63999939</globalPose>
          <NxBodyDesc id="body">
            <massSpaceInertia>91.346672058 32.693332672 91.346664429</massSpaceInertia>
            <mass>400</mass>
            <wakeUpCounter>0</wakeUpCounter>
            <maxAngularVelocity>7</maxAngularVelocity>
            <sleepLinearVelocity>0.150000006</sleepLinearVelocity>
            <sleepAngularVelocity>0.140000001</sleepAngularVelocity>
          </NxBodyDesc>
          <group>2</group>
          <NxBoxShapeDesc dimensions="0.340000004 0.75 0.359999985">
            <NxShapeDesc>
              <group>2</group>
              <materialIndex>15</materialIndex>
              <skinWidth>0.025</skinWidth>
              <NxGroupsMask id="groupsMask"/>
            </NxShapeDesc>
          </NxBoxShapeDesc>
          <NxBoxShapeDesc dimensions="0.340000004 0.75 0.359999985">
            <NxShapeDesc>
              <localPose>0.500000179 0 0.866025269  0 1 0  -0.866025269 0 0.500000179  0 0 0</localPose>
              <group>2</group>
              <materialIndex>15</materialIndex>
              <skinWidth>0.025</skinWidth>
              <NxGroupsMask id="groupsMask"/>
            </NxShapeDesc>
          </NxBoxShapeDesc>
          <NxBoxShapeDesc dimensions="0.340000004 0.75 0.359999985">
            <NxShapeDesc>
              <localPose>-0.500000119 0 0.866025329  0 1 0  -0.866025329 0 -0.500000119  0 0 0</localPose>
              <group>2</group>
              <materialIndex>15</materialIndex>
              <skinWidth>0.025</skinWidth>
              <NxGroupsMask id="groupsMask"/>
            </NxShapeDesc>
          </NxBoxShapeDesc>
          <dominanceGroup>3</dominanceGroup>
        </NxActorDesc>
        <NxActorDesc id="Actor_2" userProperties="_castType_2_objType_1_objIndex_138" hasBody="true" name="testActorName">
          <globalPose>0.000000894 -0.999999881 0  0.999999881 0.000000894 0  0 0 1  -78.299995422 -4.920000076 7.009999752</globalPose>
          <NxBodyDesc id="body">
            <massSpaceInertia>91.346672058 32.693332672 91.346664429</massSpaceInertia>
            <mass>400</mass>
            <wakeUpCounter>0</wakeUpCounter>
            <maxAngularVelocity>7</maxAngularVelocity>
            <sleepLinearVelocity>0.150000006</sleepLinearVelocity>
            <sleepAngularVelocity>0.140000001</sleepAngularVelocity>
          </NxBodyDesc>
          <group>2</group>
          <NxBoxShapeDesc dimensions="0.340000004 0.75 0.359999985">
            <NxShapeDesc>
              <group>2</group>
              <materialIndex>15</materialIndex>
              <skinWidth>0.025</skinWidth>
              <NxGroupsMask id="groupsMask"/>
            </NxShapeDesc>
          </NxBoxShapeDesc>
          <NxBoxShapeDesc dimensions="0.340000004 0.75 0.359999985">
            <NxShapeDesc>
              <localPose>0.500000179 0 0.866025269  0 1 0  -0.866025269 0 0.500000179  0 0 0</localPose>
              <group>2</group>
              <materialIndex>15</materialIndex>
              <skinWidth>0.025</skinWidth>
              <NxGroupsMask id="groupsMask"/>
            </NxShapeDesc>
          </NxBoxShapeDesc>
          <NxBoxShapeDesc dimensions="0.340000004 0.75 0.359999985">
            <NxShapeDesc>
              <localPose>-0.500000119 0 0.866025329  0 1 0  -0.866025329 0 -0.500000119  0 0 0</localPose>
              <group>2</group>
              <materialIndex>15</materialIndex>
              <skinWidth>0.025</skinWidth>
              <NxGroupsMask id="groupsMask"/>
            </NxShapeDesc>
          </NxBoxShapeDesc>
          <dominanceGroup>3</dominanceGroup>
        </NxActorDesc>
        <NxActorDesc id="Actor_3" userProperties="_castType_2_objType_1_objIndex_137" hasBody="true" name="testActorName">
          <globalPose>0.000005364 -0.45399195 -0.891003966  0.999998391 0.000005364 0.000002295  0.000002295 -0.891003966 0.453993559  -80.509994507 -4.909999847 8.010000229</globalPose>
          <NxBodyDesc id="body">
            <massSpaceInertia>91.346672058 32.693332672 91.346664429</massSpaceInertia>
            <mass>400</mass>
            <wakeUpCounter>0</wakeUpCounter>
            <maxAngularVelocity>7</maxAngularVelocity>
            <sleepLinearVelocity>0.150000006</sleepLinearVelocity>
            <sleepAngularVelocity>0.140000001</sleepAngularVelocity>
          </NxBodyDesc>
          <group>2</group>
          <NxBoxShapeDesc dimensions="0.340000004 0.75 0.359999985">
            <NxShapeDesc>
              <group>2</group>
              <materialIndex>15</materialIndex>
              <skinWidth>0.025</skinWidth>
              <NxGroupsMask id="groupsMask"/>
            </NxShapeDesc>
          </NxBoxShapeDesc>
          <NxBoxShapeDesc dimensions="0.340000004 0.75 0.359999985">
            <NxShapeDesc>
              <localPose>0.500000179 0 0.866025269  0 1 0  -0.866025269 0 0.500000179  0 0 0</localPose>
              <group>2</group>
              <materialIndex>15</materialIndex>
              <skinWidth>0.025</skinWidth>
              <NxGroupsMask id="groupsMask"/>
            </NxShapeDesc>
          </NxBoxShapeDesc>
          <NxBoxShapeDesc dimensions="0.340000004 0.75 0.359999985">
            <NxShapeDesc>
              <localPose>-0.500000119 0 0.866025329  0 1 0  -0.866025329 0 -0.500000119  0 0 0</localPose>
              <group>2</group>
              <materialIndex>15</materialIndex>
              <skinWidth>0.025</skinWidth>
              <NxGroupsMask id="groupsMask"/>
            </NxShapeDesc>
          </NxBoxShapeDesc>
          <dominanceGroup>3</dominanceGroup>
        </NxActorDesc>
        <NxActorDesc id="Actor_4" userProperties="_castType_2_objType_1_objIndex_136" hasBody="true" name="testActorName">
          <globalPose>0.087155879 0 -0.99619472  0 1 0  0.99619472 0 0.087155879  -79.849998474 -4.639999866 9.809999466</globalPose>
          <NxBodyDesc id="body">
            <massSpaceInertia>91.346672058 32.693332672 91.346664429</massSpaceInertia>
            <mass>400</mass>
            <wakeUpCounter>0</wakeUpCounter>
            <maxAngularVelocity>7</maxAngularVelocity>
            <sleepLinearVelocity>0.150000006</sleepLinearVelocity>
            <sleepAngularVelocity>0.140000001</sleepAngularVelocity>
          </NxBodyDesc>
          <group>2</group>
          <NxBoxShapeDesc dimensions="0.340000004 0.75 0.359999985">
            <NxShapeDesc>
              <group>2</group>
              <materialIndex>15</materialIndex>
              <skinWidth>0.025</skinWidth>
              <NxGroupsMask id="groupsMask"/>
            </NxShapeDesc>
          </NxBoxShapeDesc>
          <NxBoxShapeDesc dimensions="0.340000004 0.75 0.359999985">
            <NxShapeDesc>
              <localPose>0.500000179 0 0.866025269  0 1 0  -0.866025269 0 0.500000179  0 0 0</localPose>
              <group>2</group>
              <materialIndex>15</materialIndex>
              <skinWidth>0.025</skinWidth>
              <NxGroupsMask id="groupsMask"/>
            </NxShapeDesc>
          </NxBoxShapeDesc>
          <NxBoxShapeDesc dimensions="0.340000004 0.75 0.359999985">
            <NxShapeDesc>
              <localPose>-0.500000119 0 0.866025329  0 1 0  -0.866025329 0 -0.500000119  0 0 0</localPose>
              <group>2</group>
              <materialIndex>15</materialIndex>
              <skinWidth>0.025</skinWidth>
              <NxGroupsMask id="groupsMask"/>
            </NxShapeDesc>
          </NxBoxShapeDesc>
          <dominanceGroup>3</dominanceGroup>
        </NxActorDesc>
        <NxActorDesc id="Actor_5" userProperties="_castType_2_objType_1_objIndex_135" hasBody="true" name="testActorName">
          <globalPose>1 0 0  0 1 0  0 0 1  -78.739997864 -4.630000114 8.300000191</globalPose>
          <NxBodyDesc id="body">
            <massSpaceInertia>91.346672058 32.693332672 91.346664429</massSpaceInertia>
            <mass>400</mass>
            <wakeUpCounter>0</wakeUpCounter>
            <maxAngularVelocity>7</maxAngularVelocity>
            <sleepLinearVelocity>0.150000006</sleepLinearVelocity>
            <sleepAngularVelocity>0.140000001</sleepAngularVelocity>
          </NxBodyDesc>
          <group>2</group>
          <NxBoxShapeDesc dimensions="0.340000004 0.75 0.359999985">
            <NxShapeDesc>
              <group>2</group>
              <materialIndex>15</materialIndex>
              <skinWidth>0.025</skinWidth>
              <NxGroupsMask id="groupsMask"/>
            </NxShapeDesc>
          </NxBoxShapeDesc>
          <NxBoxShapeDesc dimensions="0.340000004 0.75 0.359999985">
            <NxShapeDesc>
              <localPose>0.500000179 0 0.866025269  0 1 0  -0.866025269 0 0.500000179  0 0 0</localPose>
              <group>2</group>
              <materialIndex>15</materialIndex>
              <skinWidth>0.025</skinWidth>
              <NxGroupsMask id="groupsMask"/>
            </NxShapeDesc>
          </NxBoxShapeDesc>
          <NxBoxShapeDesc dimensions="0.340000004 0.75 0.359999985">
            <NxShapeDesc>
              <localPose>-0.500000119 0 0.866025329  0 1 0  -0.866025329 0 -0.500000119  0 0 0</localPose>
              <group>2</group>
              <materialIndex>15</materialIndex>
              <skinWidth>0.025</skinWidth>
              <NxGroupsMask id="groupsMask"/>
            </NxShapeDesc>
          </NxBoxShapeDesc>
          <dominanceGroup>3</dominanceGroup>
        </NxActorDesc>
        <NxActorDesc id="Actor_6" userProperties="_castType_2_objType_1_objIndex_134" hasBody="true" name="testActorName">
          <globalPose>1 0 0  0 1 0  0 0 1  -17.969961166 0.893151224 24.667291641</globalPose>
          <NxBodyDesc id="body">
            <massSpaceInertia>91.346672058 32.693332672 91.346664429</massSpaceInertia>
            <mass>400</mass>
            <wakeUpCounter>0</wakeUpCounter>
            <maxAngularVelocity>7</maxAngularVelocity>
            <sleepLinearVelocity>0.150000006</sleepLinearVelocity>
            <sleepAngularVelocity>0.140000001</sleepAngularVelocity>
          </NxBodyDesc>
          <group>2</group>
          <NxBoxShapeDesc dimensions="0.340000004 0.75 0.359999985">
            <NxShapeDesc>
              <group>2</group>
              <materialIndex>15</materialIndex>
              <skinWidth>0.025</skinWidth>
              <NxGroupsMask id="groupsMask"/>
            </NxShapeDesc>
          </NxBoxShapeDesc>
          <NxBoxShapeDesc dimensions="0.340000004 0.75 0.359999985">
            <NxShapeDesc>
              <localPose>0.500000179 0 0.866025269  0 1 0  -0.866025269 0 0.500000179  0 0 0</localPose>
              <group>2</group>
              <materialIndex>15</materialIndex>
              <skinWidth>0.025</skinWidth>
              <NxGroupsMask id="groupsMask"/>
            </NxShapeDesc>
          </NxBoxShapeDesc>
          <NxBoxShapeDesc dimensions="0.340000004 0.75 0.359999985">
            <NxShapeDesc>
              <localPose>-0.500000119 0 0.866025329  0 1 0  -0.866025329 0 -0.500000119  0 0 0</localPose>
              <group>2</group>
              <materialIndex>15</materialIndex>
              <skinWidth>0.025</skinWidth>
              <NxGroupsMask id="groupsMask"/>
            </NxShapeDesc>
          </NxBoxShapeDesc>
          <dominanceGroup>3</dominanceGroup>
        </NxActorDesc>
        <NxActorDesc id="Actor_7" userProperties="_castType_2_objType_1_objIndex_133" hasBody="true" name="testActorName">
          <globalPose>1 0 0  0 1 0  0 0 1  -18.699058533 0.893151224 23.617095947</globalPose>
          <NxBodyDesc id="body">
            <massSpaceInertia>91.346672058 32.693332672 91.346664429</massSpaceInertia>
            <mass>400</mass>
            <wakeUpCounter>0</wakeUpCounter>
            <maxAngularVelocity>7</maxAngularVelocity>
            <sleepLinearVelocity>0.150000006</sleepLinearVelocity>
            <sleepAngularVelocity>0.140000001</sleepAngularVelocity>
          </NxBodyDesc>
          <group>2</group>
          <NxBoxShapeDesc dimensions="0.340000004 0.75 0.359999985">
            <NxShapeDesc>
              <group>2</group>
              <materialIndex>15</materialIndex>
              <skinWidth>0.025</skinWidth>
              <NxGroupsMask id="groupsMask"/>
            </NxShapeDesc>
          </NxBoxShapeDesc>
          <NxBoxShapeDesc dimensions="0.340000004 0.75 0.359999985">
            <NxShapeDesc>
              <localPose>0.500000179 0 0.866025269  0 1 0  -0.866025269 0 0.500000179  0 0 0</localPose>
              <group>2</group>
              <materialIndex>15</materialIndex>
              <skinWidth>0.025</skinWidth>
              <NxGroupsMask id="groupsMask"/>
            </NxShapeDesc>
          </NxBoxShapeDesc>
          <NxBoxShapeDesc dimensions="0.340000004 0.75 0.359999985">
            <NxShapeDesc>
              <localPose>-0.500000119 0 0.866025329  0 1 0  -0.866025329 0 -0.500000119  0 0 0</localPose>
              <group>2</group>
              <materialIndex>15</materialIndex>
              <skinWidth>0.025</skinWidth>
              <NxGroupsMask id="groupsMask"/>
            </NxShapeDesc>
          </NxBoxShapeDesc>
          <dominanceGroup>3</dominanceGroup>
        </NxActorDesc>
        <NxActorDesc id="Actor_8" userProperties="_castType_2_objType_1_objIndex_132" hasBody="true" name="testActorName">
          <globalPose>1 0 0  0 1 0  0 0 1  -19.435493469 0.893151224 24.899946213</globalPose>
          <NxBodyDesc id="body">
            <massSpaceInertia>91.346672058 32.693332672 91.346664429</massSpaceInertia>
            <mass>400</mass>
            <wakeUpCounter>0</wakeUpCounter>
            <maxAngularVelocity>7</maxAngularVelocity>
            <sleepLinearVelocity>0.150000006</sleepLinearVelocity>
            <sleepAngularVelocity>0.140000001</sleepAngularVelocity>
          </NxBodyDesc>
          <group>2</group>
          <NxBoxShapeDesc dimensions="0.340000004 0.75 0.359999985">
            <NxShapeDesc>
              <group>2</group>
              <materialIndex>15</materialIndex>
              <skinWidth>0.025</skinWidth>
              <NxGroupsMask id="groupsMask"/>
            </NxShapeDesc>
          </NxBoxShapeDesc>
          <NxBoxShapeDesc dimensions="0.340000004 0.75 0.359999985">
            <NxShapeDesc>
              <localPose>0.500000179 0 0.866025269  0 1 0  -0.866025269 0 0.500000179  0 0 0</localPose>
              <group>2</group>
              <materialIndex>15</materialIndex>
              <skinWidth>0.025</skinWidth>
              <NxGroupsMask id="groupsMask"/>
            </NxShapeDesc>
          </NxBoxShapeDesc>
          <NxBoxShapeDesc dimensions="0.340000004 0.75 0.359999985">
            <NxShapeDesc>
              <localPose>-0.500000119 0 0.866025329  0 1 0  -0.866025329 0 -0.500000119  0 0 0</localPose>
              <group>2</group>
              <materialIndex>15</materialIndex>
              <skinWidth>0.025</skinWidth>
              <NxGroupsMask id="groupsMask"/>
            </NxShapeDesc>
          </NxBoxShapeDesc>
          <dominanceGroup>3</dominanceGroup>
        </NxActorDesc>
        <NxActorDesc id="Actor_9" userProperties="_castType_2_objType_1_objIndex_141" hasBody="true" name="testActorName">
          <globalPose>1 0 0  0 1 0  0 0 1  -75.089996338 -4.639999866 15.009999275</globalPose>
          <NxBodyDesc id="body">
            <massSpaceInertia>91.346672058 32.693332672 91.346664429</massSpaceInertia>
            <mass>400</mass>
            <wakeUpCounter>0</wakeUpCounter>
            <maxAngularVelocity>7</maxAngularVelocity>
            <sleepLinearVelocity>0.150000006</sleepLinearVelocity>
            <sleepAngularVelocity>0.140000001</sleepAngularVelocity>
          </NxBodyDesc>
          <group>2</group>
          <NxBoxShapeDesc dimensions="0.340000004 0.75 0.359999985">
            <NxShapeDesc>
              <group>2</group>
              <materialIndex>15</materialIndex>
              <skinWidth>0.025</skinWidth>
              <NxGroupsMask id="groupsMask"/>
            </NxShapeDesc>
          </NxBoxShapeDesc>
          <NxBoxShapeDesc dimensions="0.340000004 0.75 0.359999985">
            <NxShapeDesc>
              <localPose>0.500000179 0 0.866025269  0 1 0  -0.866025269 0 0.500000179  0 0 0</localPose>
              <group>2</group>
              <materialIndex>15</materialIndex>
              <skinWidth>0.025</skinWidth>
              <NxGroupsMask id="groupsMask"/>
            </NxShapeDesc>
          </NxBoxShapeDesc>
          <NxBoxShapeDesc dimensions="0.340000004 0.75 0.359999985">
            <NxShapeDesc>
              <localPose>-0.500000119 0 0.866025329  0 1 0  -0.866025329 0 -0.500000119  0 0 0</localPose>
              <group>2</group>
              <materialIndex>15</materialIndex>
              <skinWidth>0.025</skinWidth>
              <NxGroupsMask id="groupsMask"/>
            </NxShapeDesc>
          </NxBoxShapeDesc>
          <dominanceGroup>3</dominanceGroup>
        </NxActorDesc>
        <NxActorDesc id="Actor_10" userProperties="_castType_2_objType_1_objIndex_8" hasBody="true" name="testActorName">
          <globalPose>0.003631487 0.020792633 0.999777079  -0.458670884 0.888447165 -0.016811296  -0.88859868 -0.458507657 0.012763381  -92.346237183 -3.387513399 24.521820068</globalPose>
          <NxBodyDesc id="body">
            <massLocalPose>0.999743044 -0.02253601 -0.002444909  0.022536121 0.999746025 0.000018722  0.002443866 -0.000073816 0.99999702  -0.021747451 -0.248189434 0.001873774</massLocalPose>
            <massSpaceInertia>342.686553955 2105.542480469 1961.677490234</massSpaceInertia>
            <mass>499.999969482</mass>
            <wakeUpCounter>0</wakeUpCounter>
            <maxAngularVelocity>7</maxAngularVelocity>
            <sleepLinearVelocity>0.150000006</sleepLinearVelocity>
            <sleepAngularVelocity>0.140000001</sleepAngularVelocity>
          </NxBodyDesc>
          <group>2</group>
          <NxBoxShapeDesc dimensions="1.129999995 0.079999998 0.899999976">
            <NxShapeDesc>
              <localPose>0.99984771 0.017452406 0  -0.017452406 0.99984771 0  0 0 1  0.469999999 0.789999962 0</localPose>
              <group>2</group>
              <materialIndex>16</materialIndex>
              <skinWidth>0.025</skinWidth>
              <NxGroupsMask id="groupsMask"/>
            </NxShapeDesc>
          </NxBoxShapeDesc>
          <NxBoxShapeDesc dimensions="0.859999955 0.089999996 1.059999943">
            <NxShapeDesc>
              <localPose>0.990268052 -0.139173105 0  0.139173105 0.990268052 0  0 0 1  -2.25 0.059999999 0</localPose>
              <group>2</group>
              <materialIndex>16</materialIndex>
              <skinWidth>0.025</skinWidth>
              <NxGroupsMask id="groupsMask"/>
            </NxShapeDesc>
          </NxBoxShapeDesc>
          <NxBoxShapeDesc dimensions="0.170000002 0.089999996 1.059999943">
            <NxShapeDesc>
              <localPose>0.342019975 -0.939692676 0  0.939692676 0.342019975 0  0 0 1  -3.029999971 -0.149999991 0</localPose>
              <group>2</group>
              <materialIndex>16</materialIndex>
              <skinWidth>0.025</skinWidth>
              <NxGroupsMask id="groupsMask"/>
            </NxShapeDesc>
          </NxBoxShapeDesc>
          <NxBoxShapeDesc dimensions="0.109999999 0.089999996 1.100000024">
            <NxShapeDesc>
              <localPose>0.0348984 -0.99939096 0  0.99939096 0.0348984 0  0 0 1  -3.049999952 -0.379999995 0</localPose>
              <group>2</group>
              <materialIndex>16</materialIndex>
              <skinWidth>0.025</skinWidth>
              <NxGroupsMask id="groupsMask"/>
            </NxShapeDesc>
          </NxBoxShapeDesc>
          <NxBoxShapeDesc dimensions="0.07 0.07 0.399999976">
            <NxShapeDesc>
              <localPose>0.000000894 -0.999999881 0  0.999999881 0.000000894 0  0 0 1  -3.099999905 -0.560000002 0</localPose>
              <group>2</group>
              <materialIndex>16</materialIndex>
              <skinWidth>0.025</skinWidth>
              <NxGroupsMask id="groupsMask"/>
            </NxShapeDesc>
          </NxBoxShapeDesc>
          <NxBoxShapeDesc dimensions="0.219999999 0.239999995 0.099999994">
            <NxShapeDesc>
              <localPose>0.965925813 0 0.258819073  0 1 0  -0.258819073 0 0.965925813  -2.129999876 -0.669999957 1.110000014</localPose>
              <group>2</group>
              <materialIndex>14</materialIndex>
              <skinWidth>0.025</skinWidth>
              <NxGroupsMask id="groupsMask"/>
            </NxShapeDesc>
          </NxBoxShapeDesc>
          <NxBoxShapeDesc dimensions="0.239999995 0.239999995 0.099999994">
            <NxShapeDesc>
              <localPose>0.965925813 0 0.258819073  0 1 0  -0.258819073 0 0.965925813  -2.099999905 -0.669999957 -1.120000005</localPose>
              <group>2</group>
              <materialIndex>14</materialIndex>
              <skinWidth>0.025</skinWidth>
              <NxGroupsMask id="groupsMask"/>
            </NxShapeDesc>
          </NxBoxShapeDesc>
          <NxBoxShapeDesc dimensions="0.239999995 0.239999995 0.099999994">
            <NxShapeDesc>
              <localPose>0.99984771 0 0.017452406  0 1 0  -0.017452406 0 0.99984771  1.75999999 -0.669999957 -1.139999986</localPose>
              <group>2</group>
              <materialIndex>14</materialIndex>
              <skinWidth>0.025</skinWidth>
              <NxGroupsMask id="groupsMask"/>
            </NxShapeDesc>
          </NxBoxShapeDesc>
          <NxBoxShapeDesc dimensions="0.239999995 0.239999995 0.099999994">
            <NxShapeDesc>
              <localPose>0.99984771 0 0.017452406  0 1 0  -0.017452406 0 0.99984771  1.75999999 -0.669999957 1.100000024</localPose>
              <group>2</group>
              <materialIndex>14</materialIndex>
              <skinWidth>0.025</skinWidth>
              <NxGroupsMask id="groupsMask"/>
            </NxShapeDesc>
          </NxBoxShapeDesc>
          <NxBoxShapeDesc dimensions="1.399999976 0.099999994 1.090000033">
            <NxShapeDesc>
              <localPose>0.99984771 0.017452406 0  -0.017452406 0.99984771 0  0 0 1  -0.209999993 -0.829999983 0</localPose>
              <group>2</group>
              <materialIndex>16</materialIndex>
              <skinWidth>0.025</skinWidth>
              <NxGroupsMask id="groupsMask"/>
            </NxShapeDesc>
          </NxBoxShapeDesc>
          <NxBoxShapeDesc dimensions="0.310000002 0.07 1.00999999">
            <NxShapeDesc>
              <localPose>0.96126169 -0.275637358 0  0.275637358 0.96126169 0  0 0 1  2 0.179999992 0</localPose>
              <group>2</group>
              <materialIndex>16</materialIndex>
              <skinWidth>0.025</skinWidth>
              <NxGroupsMask id="groupsMask"/>
            </NxShapeDesc>
          </NxBoxShapeDesc>
          <NxBoxShapeDesc dimensions="0.079999998 0.569999993 1.110000014">
            <NxShapeDesc>
              <localPose>-0.874619722 -0.484809577 0  0.484809577 -0.874619722 0  0 0 1  2.039999962 -0.179999992 0</localPose>
              <group>2</group>
              <materialIndex>16</materialIndex>
              <skinWidth>0.025</skinWidth>
              <NxGroupsMask id="groupsMask"/>
            </NxShapeDesc>
          </NxBoxShapeDesc>
          <NxBoxShapeDesc dimensions="0.610000014 0.140000001 1.189999938">
            <NxShapeDesc>
              <localPose>-0.999390841 0.034899384 0  -0.034899384 -0.999390841 0  0 0 1  2.559999943 -0.25 0</localPose>
              <group>2</group>
              <materialIndex>16</materialIndex>
              <skinWidth>0.025</skinWidth>
              <NxGroupsMask id="groupsMask"/>
            </NxShapeDesc>
          </NxBoxShapeDesc>
          <NxBoxShapeDesc dimensions="0.649999976 0.269999981 0.119999997">
            <NxShapeDesc>
              <localPose>0.985079527 0.17122972 0.01728256  -0.171958238 0.97522366 0.13917309  0.006976206 -0.140068442 0.990117192  2.519999981 -0.02 1.110000014</localPose>
              <group>2</group>
              <materialIndex>16</materialIndex>
              <skinWidth>0.025</skinWidth>
              <NxGroupsMask id="groupsMask"/>
            </NxShapeDesc>
          </NxBoxShapeDesc>
          <NxBoxShapeDesc dimensions="0.620000005 0.269999981 0.099999994">
            <NxShapeDesc>
              <localPose>0.99269098 0.119439952 -0.017282557  -0.12068329 0.982886791 -0.13917309  0.000363971 0.140241593 0.990117252  2.539999962 -0.01 -1.159999967</localPose>
              <group>2</group>
              <materialIndex>16</materialIndex>
              <skinWidth>0.025</skinWidth>
              <NxGroupsMask id="groupsMask"/>
            </NxShapeDesc>
          </NxBoxShapeDesc>
          <NxBoxShapeDesc dimensions="1.110000014 0.269999981 0.07">
            <NxShapeDesc>
              <localPose>0.999390841 -0.034899514 0.000000001  0.034639377 0.991941512 -0.121869378  0.004253181 0.12179514 0.992546141  1.299999952 -0.089999996 -1.189999938</localPose>
              <group>2</group>
              <materialIndex>16</materialIndex>
              <skinWidth>0.025</skinWidth>
              <NxGroupsMask id="groupsMask"/>
            </NxShapeDesc>
          </NxBoxShapeDesc>
          <NxBoxShapeDesc dimensions="1.110000014 0.269999981 0.07">
            <NxShapeDesc>
              <localPose>0.999390781 -0.034899499 -0  0.034136858 0.977551699 0.2079117  -0.007256014 -0.20778504 0.978147566  1.299999952 -0.089999996 1.139999986</localPose>
              <group>2</group>
              <materialIndex>16</materialIndex>
              <skinWidth>0.025</skinWidth>
              <NxGroupsMask id="groupsMask"/>
            </NxShapeDesc>
          </NxBoxShapeDesc>
          <NxBoxShapeDesc dimensions="0.859999955 0.219999999 0.07">
            <NxShapeDesc>
              <localPose>0.989874303 -0.124472052 -0.068232134  0.136131853 0.968628347 0.207911715  0.040212378 -0.215095028 0.975764871  -2.279999971 -0.089999996 1.090000033</localPose>
              <group>2</group>
              <materialIndex>16</materialIndex>
              <skinWidth>0.025</skinWidth>
              <NxGroupsMask id="groupsMask"/>
            </NxShapeDesc>
          </NxBoxShapeDesc>
          <NxBoxShapeDesc dimensions="0.859999955 0.219999999 0.07">
            <NxShapeDesc>
              <localPose>0.987922311 -0.139385551 0.067684427  0.151787698 0.958349764 -0.241921872  -0.031144939 0.249273688 0.967932165  -2.279999971 -0.089999996 -1.110000014</localPose>
              <group>2</group>
              <materialIndex>16</materialIndex>
              <skinWidth>0.025</skinWidth>
              <NxGroupsMask id="groupsMask"/>
            </NxShapeDesc>
          </NxBoxShapeDesc>
          <NxBoxShapeDesc dimensions="0.539999962 0.07 0.07">
            <NxShapeDesc>
              <localPose>0.808270097 0.205605283 0.551748097  0.551748097 -0.591677368 -0.587785184  0.205605283 0.779515088 -0.591677368  -1.019999981 0.469999999 -0.939999998</localPose>
              <group>2</group>
              <materialIndex>16</materialIndex>
              <skinWidth>0.025</skinWidth>
              <NxGroupsMask id="groupsMask"/>
            </NxShapeDesc>
          </NxBoxShapeDesc>
          <NxBoxShapeDesc dimensions="0.539999962 0.07 0.07">
            <NxShapeDesc>
              <localPose>0.753132582 -0.040381163 0.656628251  0.586824059 0.492403895 -0.642787576  -0.297369838 0.869429588 0.394542038  -1.019999981 0.48999998 0.949999988</localPose>
              <group>2</group>
              <materialIndex>16</materialIndex>
              <skinWidth>0.025</skinWidth>
              <NxGroupsMask id="groupsMask"/>
            </NxShapeDesc>
          </NxBoxShapeDesc>
          <NxBoxShapeDesc dimensions="0.07 0.359999985 0.07">
            <NxShapeDesc>
              <localPose>0.990268111 0.069586553 -0.120527439  0 0.866025388 0.49999997  0.139173105 -0.495134026 0.857597291  0.239999995 0.439999998 0.969999969</localPose>
              <group>2</group>
              <materialIndex>16</materialIndex>
              <skinWidth>0.025</skinWidth>
              <NxGroupsMask id="groupsMask"/>
            </NxShapeDesc>
          </NxBoxShapeDesc>
          <NxBoxShapeDesc dimensions="0.07 0.359999985 0.07">
            <NxShapeDesc>
              <localPose>0.956072271 0.070802674 0.284451783  0.048175555 0.919243276 -0.390731275  -0.289145231 0.387270927 0.875452042  0.229999989 0.5 -1.029999971</localPose>
              <group>2</group>
              <materialIndex>16</materialIndex>
              <skinWidth>0.025</skinWidth>
              <NxGroupsMask id="groupsMask"/>
            </NxShapeDesc>
          </NxBoxShapeDesc>
          <NxBoxShapeDesc dimensions="0.07 0.429999977 0.07">
            <NxShapeDesc>
              <localPose>0.629320323 -0.456794947 -0.628724337  0 0.809017003 -0.587785244  0.777145982 0.369905233 0.509130836  1.339999914 0.459999979 -1.029999971</localPose>
              <group>2</group>
              <materialIndex>16</materialIndex>
              <skinWidth>0.025</skinWidth>
              <NxGroupsMask id="groupsMask"/>
            </NxShapeDesc>
          </NxBoxShapeDesc>
          <NxBoxShapeDesc dimensions="0.07 0.429999977 0.07">
            <NxShapeDesc>
              <localPose>-0.544638932 -0.456772745 -0.703368425  -0.000000045 0.838670552 -0.544638991  0.838670611 -0.296631575 -0.456772685  1.339999914 0.459999979 0.98999995</localPose>
              <group>2</group>
              <materialIndex>16</materialIndex>
              <skinWidth>0.025</skinWidth>
              <NxGroupsMask id="groupsMask"/>
            </NxShapeDesc>
          </NxBoxShapeDesc>
          <NxBoxShapeDesc dimensions="0.079999998 0.589999974 0.089999996">
            <NxShapeDesc>
              <localPose>0.335003883 -0.777785003 -0.53181088  0.730630815 0.570831299 -0.374606699  0.594937801 -0.263062745 0.759504437  1.889999986 0.469999999 0.959999979</localPose>
              <group>2</group>
              <materialIndex>16</materialIndex>
              <skinWidth>0.025</skinWidth>
              <NxGroupsMask id="groupsMask"/>
            </NxShapeDesc>
          </NxBoxShapeDesc>
          <NxBoxShapeDesc dimensions="0.089999996 0.550000012 0.089999996">
            <NxShapeDesc>
              <localPose>0.614503503 -0.786597729 -0.060410887  0.663414001 0.556670427 -0.5  0.426927835 0.267174333 0.863915801  1.829999924 0.48999998 -0.969999969</localPose>
              <group>2</group>
              <materialIndex>16</materialIndex>
              <skinWidth>0.025</skinWidth>
              <NxGroupsMask id="groupsMask"/>
            </NxShapeDesc>
          </NxBoxShapeDesc>
          <NxBoxShapeDesc dimensions="0.079999998 0.140000001 1.189999938">
            <NxShapeDesc>
              <localPose>-0.999390841 -0.034899451 0  0.034899451 -0.999390841 0  0 0 1  3.159999847 -0.479999989 0</localPose>
              <group>2</group>
              <materialIndex>16</materialIndex>
              <skinWidth>0.025</skinWidth>
              <NxGroupsMask id="groupsMask"/>
            </NxShapeDesc>
          </NxBoxShapeDesc>
          <NxBoxShapeDesc dimensions="0.5 0.299999982 0.07">
            <NxShapeDesc>
              <localPose>1 0 0  0 0.978147566 0.20791173  0 -0.20791173 0.978147566  0.699999988 -0.610000014 -1.159999967</localPose>
              <group>2</group>
              <materialIndex>16</materialIndex>
              <skinWidth>0.025</skinWidth>
              <NxGroupsMask id="groupsMask"/>
            </NxShapeDesc>
          </NxBoxShapeDesc>
          <NxBoxShapeDesc dimensions="0.519999981 0.299999982 0.07">
            <NxShapeDesc>
              <localPose>1 0 0  0 0.974370062 -0.224950999  0 0.224950999 0.974370062  0.689999998 -0.610000014 1.129999995</localPose>
              <group>2</group>
              <materialIndex>16</materialIndex>
              <skinWidth>0.025</skinWidth>
              <NxGroupsMask id="groupsMask"/>
            </NxShapeDesc>
          </NxBoxShapeDesc>
          <NxBoxShapeDesc dimensions="0.170000002 0.349999994 0.07">
            <NxShapeDesc>
              <localPose>0.998287499 -0.055951558 -0.017071031  0.051192276 0.976807058 -0.207911685  0.028308086 0.206681743 0.977998614  -1.549999952 -0.519999981 1.129999995</localPose>
              <group>2</group>
              <materialIndex>16</materialIndex>
              <skinWidth>0.025</skinWidth>
              <NxGroupsMask id="groupsMask"/>
            </NxShapeDesc>
          </NxBoxShapeDesc>
          <NxBoxShapeDesc dimensions="0.149999991 0.349999994 0.07">
            <NxShapeDesc>
              <localPose>0.993343949 -0.091790862 0.06958656  0.08694341 0.993768036 0.069756448  -0.075555906 -0.063242048 0.995134056  -1.519999981 -0.519999981 -1.169999957</localPose>
              <group>2</group>
              <materialIndex>16</materialIndex>
              <skinWidth>0.025</skinWidth>
              <NxGroupsMask id="groupsMask"/>
            </NxShapeDesc>
          </NxBoxShapeDesc>
          <NxBoxShapeDesc dimensions="0.560000002 0.07 1.090000033">
            <NxShapeDesc>
              <localPose>0.999390841 -0.034899496 0  0.034899496 0.999390841 0  0 0 1  -2.419999838 -0.269999981 0</localPose>
              <group>2</group>
              <materialIndex>16</materialIndex>
              <skinWidth>0.025</skinWidth>
              <NxGroupsMask id="groupsMask"/>
            </NxShapeDesc>
          </NxBoxShapeDesc>
          <NxBoxShapeDesc dimensions="0.529999971 0.07 1.090000033">
            <NxShapeDesc>
              <localPose>0.20791173 0.978147626 0  -0.978147626 0.20791173 0  0 0 1  -1.679999948 -0.349999994 0</localPose>
              <group>2</group>
              <materialIndex>16</materialIndex>
              <skinWidth>0.025</skinWidth>
              <NxGroupsMask id="groupsMask"/>
            </NxShapeDesc>
          </NxBoxShapeDesc>
          <NxBoxShapeDesc dimensions="0.079999998 0.079999998 1.090000033">
            <NxShapeDesc>
              <localPose>0.20791173 0.978147626 0  -0.978147626 0.20791173 0  0 0 1  -2.109999895 -0.669999957 0</localPose>
              <group>2</group>
              <materialIndex>16</materialIndex>
              <skinWidth>0.025</skinWidth>
              <NxGroupsMask id="groupsMask"/>
            </NxShapeDesc>
          </NxBoxShapeDesc>
          <NxBoxShapeDesc dimensions="0.409999996 0.550000012 0.539999962">
            <NxShapeDesc>
              <localPose>-0.173651814 0.984807968 0  -0.984807968 -0.173651814 0  0 0 1  -2.079999924 -0.419999987 0</localPose>
              <group>2</group>
              <materialIndex>16</materialIndex>
              <skinWidth>0.025</skinWidth>
              <NxGroupsMask id="groupsMask"/>
            </NxShapeDesc>
          </NxBoxShapeDesc>
          <NxBoxShapeDesc dimensions="0.340000004 0.349999994 0.539999962">
            <NxShapeDesc>
              <localPose>-0.121869326 0.992546201 0  -0.992546201 -0.121869326 0  0 0 1  1.969999909 -0.379999995 0</localPose>
              <group>2</group>
              <materialIndex>16</materialIndex>
              <skinWidth>0.025</skinWidth>
              <NxGroupsMask id="groupsMask"/>
            </NxShapeDesc>
          </NxBoxShapeDesc>
          <NxBoxShapeDesc dimensions="0.07 0.439999998 1.189999938">
            <NxShapeDesc>
              <localPose>0.848048091 0.529919267 0  -0.529919267 0.848048091 0  0 0 1  1.319999933 -0.5 0</localPose>
              <group>2</group>
              <materialIndex>16</materialIndex>
              <skinWidth>0.025</skinWidth>
              <NxGroupsMask id="groupsMask"/>
            </NxShapeDesc>
          </NxBoxShapeDesc>
          <NxBoxShapeDesc dimensions="0.449999988 0.07 1.049999952">
            <NxShapeDesc>
              <localPose>0.069757283 -0.997563958 0  0.997563958 0.069757283 0  0 0 1  -1.449999928 -0.229999989 0</localPose>
              <group>2</group>
              <materialIndex>19</materialIndex>
              <skinWidth>0.025</skinWidth>
              <NxGroupsMask id="groupsMask"/>
            </NxShapeDesc>
          </NxBoxShapeDesc>
          <dominanceGroup>3</dominanceGroup>
        </NxActorDesc>
        <NxActorDesc id="Actor_11" userProperties="_castType_2_objType_1_objIndex_9" hasBody="true" name="testActorName">
          <globalPose>0.689952374 0.029865306 0.723238349  -0.008321271 -0.998754978 0.049180757  0.723806858 -0.039950643 -0.68884486  -106.987632751 -4.454971313 11.466404915</globalPose>
          <NxBodyDesc id="body">
            <massLocalPose>0.999743044 -0.02253601 -0.002444909  0.022536121 0.999746025 0.000018722  0.002443866 -0.000073816 0.99999702  -0.021747451 -0.248189434 0.001873774</massLocalPose>
            <massSpaceInertia>342.686553955 2105.542480469 1961.677490234</massSpaceInertia>
            <mass>499.999969482</mass>
            <wakeUpCounter>0</wakeUpCounter>
            <maxAngularVelocity>7</maxAngularVelocity>
            <sleepLinearVelocity>0.150000006</sleepLinearVelocity>
            <sleepAngularVelocity>0.140000001</sleepAngularVelocity>
          </NxBodyDesc>
          <group>2</group>
          <NxBoxShapeDesc dimensions="1.129999995 0.079999998 0.899999976">
            <NxShapeDesc>
