  <NXUSTREAM2>
    <NxuPhysicsCollection id="saves/save004/glacier_egorov/glacier_egorov.xml" sdkVersion="272" nxuVersion="103">
      <NxPhysicsSDKDesc id="SDK"/>
      <NxSceneDesc id="Scene_0">
        <NxGroupsMask id="groupMask0"/>
        <NxGroupsMask id="groupMask1"/>
        <NxSceneLimits id="limits"/>
        <NxActorDesc id="Actor_0" userProperties="_castType_2_objType_1_objIndex_0" hasBody="true" name="testActorName">
          <globalPose>-0.999999762 0 0.000000087  -0 1 -0.000000044  -0.000000087 -0.000000044 -0.999999762  -16.779998779 0.269999981 -2.069999933</globalPose>
          <NxBodyDesc id="body">
            <massLocalPose>0.899572194 0.010934653 -0.436635196  -0.007655254 0.999927759 0.009269542  0.436704993 -0.00499607 0.899590909  0.004641801 -0.018626405 0.000497335</massLocalPose>
            <massSpaceInertia>0.924120307 0.670492291 0.883779705</massSpaceInertia>
            <mass>20</mass>
            <wakeUpCounter>0</wakeUpCounter>
            <maxAngularVelocity>7</maxAngularVelocity>
            <sleepLinearVelocity>0.150000006</sleepLinearVelocity>
            <sleepAngularVelocity>0.140000001</sleepAngularVelocity>
          </NxBodyDesc>
          <group>2</group>
          <NxBoxShapeDesc dimensions="0.089999996 0.280000001 0.07">
            <NxShapeDesc>
              <localPose>0.838670492 0.075799122 -0.539338768  0.000000007 0.990268052 0.139173105  0.54463917 -0.116720386 0.830508649  0.099999994 0 -0.149999991</localPose>
              <group>2</group>
              <materialIndex>19</materialIndex>
              <skinWidth>0.025</skinWidth>
              <NxGroupsMask id="groupsMask"/>
            </NxShapeDesc>
          </NxBoxShapeDesc>
          <NxBoxShapeDesc dimensions="0.099999994 0.280000001 0.07">
            <NxShapeDesc>
              <localPose>0.034898978 0.139088362 0.989664972  0.000000015 0.990268111 -0.13917315  -0.999391019 0.004857041 0.034559369  0.170000002 0 0</localPose>
              <group>2</group>
              <materialIndex>19</materialIndex>
              <skinWidth>0.025</skinWidth>
              <NxGroupsMask id="groupsMask"/>
            </NxShapeDesc>
          </NxBoxShapeDesc>
          <NxBoxShapeDesc dimensions="0.089999996 0.280000001 0.07">
            <NxShapeDesc>
              <localPose>0.838670492 -0.075799122 -0.539338768  -0.000000007 0.990268052 -0.139173105  0.54463917 0.116720386 0.830508649  -0.089999996 0 0.159999996</localPose>
              <group>2</group>
              <materialIndex>19</materialIndex>
              <skinWidth>0.025</skinWidth>
              <NxGroupsMask id="groupsMask"/>
            </NxShapeDesc>
          </NxBoxShapeDesc>
          <NxBoxShapeDesc dimensions="0.089999996 0.280000001 0.07">
            <NxShapeDesc>
              <localPose>0.034898978 -0.139088362 0.989664972  -0.000000015 0.990268111 0.13917315  -0.999391019 -0.004857041 0.034559369  -0.170000002 0 0</localPose>
              <group>2</group>
              <materialIndex>19</materialIndex>
              <skinWidth>0.025</skinWidth>
              <NxGroupsMask id="groupsMask"/>
            </NxShapeDesc>
          </NxBoxShapeDesc>
          <NxBoxShapeDesc dimensions="0.099999994 0.280000001 0.07">
            <NxShapeDesc>
              <localPose>0.874619663 -0.067472458 0.480091542  -0.000000004 0.990268052 0.13917309  -0.484809667 -0.121723525 0.866107941  -0.07 0 -0.149999991</localPose>
              <group>2</group>
              <materialIndex>19</materialIndex>
              <skinWidth>0.025</skinWidth>
              <NxGroupsMask id="groupsMask"/>
            </NxShapeDesc>
          </NxBoxShapeDesc>
          <NxBoxShapeDesc dimensions="0.089999996 0.280000001 0.07">
            <NxShapeDesc>
              <localPose>0.857167363 0.071679428 0.51002574  -0.000000007 0.990268111 -0.13917309  -0.515038013 0.119294621 0.848825455  0.079999998 0 0.159999996</localPose>
              <group>2</group>
              <materialIndex>19</materialIndex>
              <skinWidth>0.025</skinWidth>
              <NxGroupsMask id="groupsMask"/>
            </NxShapeDesc>
          </NxBoxShapeDesc>
          <NxBoxShapeDesc dimensions="0.109999999 0.07 0.109999999">
            <NxShapeDesc>
              <localPose>1 0 0  0 1 0  0 0 1  0 -0.25999999 0</localPose>
              <group>2</group>
              <materialIndex>19</materialIndex>
              <skinWidth>0.025</skinWidth>
              <NxGroupsMask id="groupsMask"/>
            </NxShapeDesc>
          </NxBoxShapeDesc>
          <dominanceGroup>2</dominanceGroup>
        </NxActorDesc>
        <NxActorDesc id="Actor_1" userProperties="_castType_2_objType_1_objIndex_2" hasBody="true" name="testActorName">
          <globalPose>1 0 0  0 1 0  0 0 1  45.149997711 0.070000052 -32.549999237</globalPose>
          <NxBodyDesc id="body">
            <massLocalPose>1 0 0  0 1 0  0 0 1  0.000000054 1.639999986 0.680000007</massLocalPose>
            <massSpaceInertia>1.290774584 0.193369985 1.10145998</massSpaceInertia>
            <mass>1.24140799</mass>
            <maxAngularVelocity>7</maxAngularVelocity>
            <NxBodyFlag id="flags">
              <NX_BF_DISABLE_GRAVITY>false</NX_BF_DISABLE_GRAVITY>
              <NX_BF_FROZEN_POS_X>false</NX_BF_FROZEN_POS_X>
              <NX_BF_FROZEN_POS_Y>false</NX_BF_FROZEN_POS_Y>
              <NX_BF_FROZEN_POS_Z>false</NX_BF_FROZEN_POS_Z>
              <NX_BF_FROZEN_ROT_X>false</NX_BF_FROZEN_ROT_X>
              <NX_BF_FROZEN_ROT_Y>false</NX_BF_FROZEN_ROT_Y>
              <NX_BF_FROZEN_ROT_Z>false</NX_BF_FROZEN_ROT_Z>
              <NX_BF_KINEMATIC>true</NX_BF_KINEMATIC>
              <NX_BF_VISUALIZATION>true</NX_BF_VISUALIZATION>
              <NX_BF_POSE_SLEEP_TEST>false</NX_BF_POSE_SLEEP_TEST>
              <NX_BF_FILTER_SLEEP_VEL>false</NX_BF_FILTER_SLEEP_VEL>
              <NX_BF_ENERGY_SLEEP_TEST>true</NX_BF_ENERGY_SLEEP_TEST>
            </NxBodyFlag>
            <sleepLinearVelocity>0.150000006</sleepLinearVelocity>
            <sleepAngularVelocity>0.140000001</sleepAngularVelocity>
          </NxBodyDesc>
          <group>2</group>
          <NxBoxShapeDesc dimensions="0.07 1.629999995 0.680000007">
            <NxShapeDesc>
              <localPose>1 0 0  0 1 0  0 0 1  0 1.639999866 0.680000305</localPose>
              <group>2</group>
              <skinWidth>0.025</skinWidth>
              <NxGroupsMask id="groupsMask"/>
            </NxShapeDesc>
          </NxBoxShapeDesc>
          <NxBoxShapeDesc dimensions="0.07 1.629999995 0.680000007">
            <NxShapeDesc>
              <localPose>1 0 0  0 1 0  0 0 1  0 1.639999866 0.680000305</localPose>
              <NxShapeFlag id="shapeFlags">
                <NX_TRIGGER_ON_ENTER>true</NX_TRIGGER_ON_ENTER>
                <NX_TRIGGER_ON_LEAVE>true</NX_TRIGGER_ON_LEAVE>
                <NX_TRIGGER_ON_STAY>true</NX_TRIGGER_ON_STAY>
                <NX_SF_VISUALIZATION>true</NX_SF_VISUALIZATION>
                <NX_SF_DISABLE_COLLISION>false</NX_SF_DISABLE_COLLISION>
                <NX_SF_FEATURE_INDICES>false</NX_SF_FEATURE_INDICES>
                <NX_SF_DISABLE_RAYCASTING>false</NX_SF_DISABLE_RAYCASTING>
                <NX_SF_POINT_CONTACT_FORCE>false</NX_SF_POINT_CONTACT_FORCE>
                <NX_SF_FLUID_DRAIN>false</NX_SF_FLUID_DRAIN>
                <NX_SF_FLUID_DISABLE_COLLISION>false</NX_SF_FLUID_DISABLE_COLLISION>
                <NX_SF_FLUID_TWOWAY>false</NX_SF_FLUID_TWOWAY>
                <NX_SF_DISABLE_RESPONSE>false</NX_SF_DISABLE_RESPONSE>
                <NX_SF_DYNAMIC_DYNAMIC_CCD>false</NX_SF_DYNAMIC_DYNAMIC_CCD>
                <NX_SF_DISABLE_SCENE_QUERIES>false</NX_SF_DISABLE_SCENE_QUERIES>
                <NX_SF_CLOTH_DRAIN>false</NX_SF_CLOTH_DRAIN>
                <NX_SF_CLOTH_DISABLE_COLLISION>false</NX_SF_CLOTH_DISABLE_COLLISION>
                <NX_SF_CLOTH_TWOWAY>false</NX_SF_CLOTH_TWOWAY>
                <NX_SF_SOFTBODY_DRAIN>false</NX_SF_SOFTBODY_DRAIN>
                <NX_SF_SOFTBODY_DISABLE_COLLISION>false</NX_SF_SOFTBODY_DISABLE_COLLISION>
                <NX_SF_SOFTBODY_TWOWAY>false</NX_SF_SOFTBODY_TWOWAY>
              </NxShapeFlag>
              <group>2</group>
              <skinWidth>0.025</skinWidth>
              <NxGroupsMask id="groupsMask"/>
            </NxShapeDesc>
          </NxBoxShapeDesc>
        </NxActorDesc>
        <NxActorDesc id="Actor_2" userProperties="_castType_2_objType_1_objIndex_3" hasBody="true" name="testActorName">
          <globalPose>1 0 0  0 1 0  0 0 1  45.149997711 0.070000052 -32.540000916</globalPose>
          <NxBodyDesc id="body">
            <massLocalPose>1 0 0  0 1 0  0 0 1  -0.000198102 1.64413476 0.684149563</massLocalPose>
            <massSpaceInertia>0.286984324 0.029299349 0.258927107</massSpaceInertia>
            <mass>0.380256355</mass>
            <maxAngularVelocity>7</maxAngularVelocity>
            <NxBodyFlag id="flags">
              <NX_BF_DISABLE_GRAVITY>false</NX_BF_DISABLE_GRAVITY>
              <NX_BF_FROZEN_POS_X>false</NX_BF_FROZEN_POS_X>
              <NX_BF_FROZEN_POS_Y>false</NX_BF_FROZEN_POS_Y>
              <NX_BF_FROZEN_POS_Z>false</NX_BF_FROZEN_POS_Z>
              <NX_BF_FROZEN_ROT_X>false</NX_BF_FROZEN_ROT_X>
              <NX_BF_FROZEN_ROT_Y>false</NX_BF_FROZEN_ROT_Y>
              <NX_BF_FROZEN_ROT_Z>false</NX_BF_FROZEN_ROT_Z>
              <NX_BF_KINEMATIC>true</NX_BF_KINEMATIC>
              <NX_BF_VISUALIZATION>true</NX_BF_VISUALIZATION>
              <NX_BF_POSE_SLEEP_TEST>false</NX_BF_POSE_SLEEP_TEST>
              <NX_BF_FILTER_SLEEP_VEL>false</NX_BF_FILTER_SLEEP_VEL>
              <NX_BF_ENERGY_SLEEP_TEST>true</NX_BF_ENERGY_SLEEP_TEST>
            </NxBodyFlag>
            <sleepLinearVelocity>0.150000006</sleepLinearVelocity>
            <sleepAngularVelocity>0.140000001</sleepAngularVelocity>
          </NxBodyDesc>
          <group>2</group>
          <NxBoxShapeDesc dimensions="0.07 1.427544475 0.47566238">
            <NxShapeDesc>
              <localPose>1 0.000000179 0  -0.000000179 1 0  -0 -0 1  -0.000198364 1.644134402 0.684152603</localPose>
              <group>2</group>
              <materialIndex>13</materialIndex>
              <skinWidth>0.025</skinWidth>
              <NxGroupsMask id="groupsMask"/>
            </NxShapeDesc>
          </NxBoxShapeDesc>
        </NxActorDesc>
        <NxActorDesc id="Actor_3" userProperties="_castType_2_objType_1_objIndex_4" hasBody="true" name="testActorName">
          <globalPose>0.986241043 0 -0.165313736  0.000000007 1 0.000000043  0.165313736 -0.000000044 0.986241043  -19.571668625 0.628161788 0.894254982</globalPose>
          <NxBodyDesc id="body">
            <massLocalPose>0.760952055 -0.648804188 0.002264243  0.64880681 0.76095283 -0.000662027  -0.001293456 0.001972827 0.999997199  -0.101822041 -0.002237493 0.000251878</massLocalPose>
            <massSpaceInertia>9.330966949 4.754270077 8.236415863</massSpaceInertia>
            <mass>45</mass>
            <wakeUpCounter>0</wakeUpCounter>
            <maxAngularVelocity>7</maxAngularVelocity>
            <sleepLinearVelocity>0.150000006</sleepLinearVelocity>
            <sleepAngularVelocity>0.140000001</sleepAngularVelocity>
          </NxBodyDesc>
          <group>2</group>
          <NxBoxShapeDesc dimensions="0.329999924 0.07 0.349999905">
            <NxShapeDesc>
              <localPose>0.997564077 -0.069756471 0  0.069756471 0.997564077 0  0 0 1  0.04999999 -0.079999998 0</localPose>
              <group>2</group>
              <materialIndex>19</materialIndex>
              <skinWidth>0.025</skinWidth>
              <NxGroupsMask id="groupsMask"/>
            </NxShapeDesc>
          </NxBoxShapeDesc>
          <NxBoxShapeDesc dimensions="0.07 0.289999992 0.07">
            <NxShapeDesc>
              <localPose>0.970295727 0.241921887 0  -0.241921887 0.970295727 0  0 0 1  -0.299999923 -0.370000005 0.339999914</localPose>
              <group>2</group>
              <materialIndex>14</materialIndex>
              <skinWidth>0.025</skinWidth>
              <NxGroupsMask id="groupsMask"/>
            </NxShapeDesc>
          </NxBoxShapeDesc>
          <NxBoxShapeDesc dimensions="0.07 0.289999992 0.07">
            <NxShapeDesc>
              <localPose>0.970295727 0.241921887 0  -0.241921887 0.970295727 0  0 0 1  -0.299999923 -0.370000005 -0.339999914</localPose>
              <group>2</group>
              <materialIndex>14</materialIndex>
              <skinWidth>0.025</skinWidth>
              <NxGroupsMask id="groupsMask"/>
            </NxShapeDesc>
          </NxBoxShapeDesc>
          <NxBoxShapeDesc dimensions="0.07 0.289999992 0.07">
            <NxShapeDesc>
              <localPose>0.98480773 -0.173648179 0  0.173648179 0.98480773 0  0 0 1  0.369999915 -0.349999994 0.339999914</localPose>
              <group>2</group>
              <materialIndex>14</materialIndex>
              <skinWidth>0.025</skinWidth>
              <NxGroupsMask id="groupsMask"/>
            </NxShapeDesc>
          </NxBoxShapeDesc>
          <NxBoxShapeDesc dimensions="0.07 0.289999992 0.07">
            <NxShapeDesc>
              <localPose>0.98480773 -0.173648179 0  0.173648179 0.98480773 0  0 0 1  0.369999915 -0.349999994 -0.339999914</localPose>
              <group>2</group>
              <materialIndex>14</materialIndex>
              <skinWidth>0.025</skinWidth>
              <NxGroupsMask id="groupsMask"/>
            </NxShapeDesc>
          </NxBoxShapeDesc>
          <NxBoxShapeDesc dimensions="0.07 0.280000001 0.07">
            <NxShapeDesc>
              <localPose>0.98480773 -0.173648179 0  0.173648179 0.98480773 0  0 0 1  -0.339999914 0.199999988 0.299999923</localPose>
              <group>2</group>
              <materialIndex>14</materialIndex>
              <skinWidth>0.025</skinWidth>
              <NxGroupsMask id="groupsMask"/>
            </NxShapeDesc>
          </NxBoxShapeDesc>
          <NxBoxShapeDesc dimensions="0.07 0.280000001 0.07">
            <NxShapeDesc>
              <localPose>0.98480773 -0.173648179 0  0.173648179 0.98480773 0  0 0 1  -0.339999914 0.199999988 -0.299999923</localPose>
              <group>2</group>
              <materialIndex>14</materialIndex>
              <skinWidth>0.025</skinWidth>
              <NxGroupsMask id="groupsMask"/>
            </NxShapeDesc>
          </NxBoxShapeDesc>
          <NxBoxShapeDesc dimensions="0.07 0.159999996 0.07">
            <NxShapeDesc>
              <localPose>1 0 0  0 0.000000179 -0.999999881  0 0.999999881 0.000000179  -0.419999927 0.620000005 0</localPose>
              <group>2</group>
              <materialIndex>14</materialIndex>
              <skinWidth>0.025</skinWidth>
              <NxGroupsMask id="groupsMask"/>
            </NxShapeDesc>
          </NxBoxShapeDesc>
          <NxBoxShapeDesc dimensions="0.07 0.109999999 0.07">
            <NxShapeDesc>
              <localPose>0.994521916 -0.104528472 0  0.075191483 0.715399146 0.694658399  -0.072611585 -0.690853 0.719339788  -0.399999917 0.539999962 0.23999995</localPose>
              <group>2</group>
              <materialIndex>14</materialIndex>
              <skinWidth>0.025</skinWidth>
              <NxGroupsMask id="groupsMask"/>
            </NxShapeDesc>
          </NxBoxShapeDesc>
          <NxBoxShapeDesc dimensions="0.07 0.109999999 0.07">
            <NxShapeDesc>
              <localPose>0.994521916 -0.104528472 0  0.075191483 0.715399146 -0.694658399  0.072611585 0.690853 0.719339788  -0.399999917 0.539999962 -0.229999959</localPose>
              <group>2</group>
              <materialIndex>14</materialIndex>
              <skinWidth>0.025</skinWidth>
              <NxGroupsMask id="groupsMask"/>
            </NxShapeDesc>
          </NxBoxShapeDesc>
          <NxBoxShapeDesc dimensions="0.07 0.159999996 0.269999951">
            <NxShapeDesc>
              <localPose>0.98480773 -0.173648179 0  0.173648179 0.98480773 0  0 0 1  -0.359999925 0.340000004 0</localPose>
              <group>2</group>
              <materialIndex>19</materialIndex>
              <skinWidth>0.025</skinWidth>
              <NxGroupsMask id="groupsMask"/>
            </NxShapeDesc>
          </NxBoxShapeDesc>
          <dominanceGroup>2</dominanceGroup>
        </NxActorDesc>
        <NxActorDesc id="Actor_4" userProperties="_castType_2_objType_1_objIndex_6" hasBody="true" name="testActorName">
          <globalPose>1 0 0  0 1 0  0 0 1  -53.93516922 -1.269999981 -14.807779312</globalPose>
          <NxBodyDesc id="body">
            <massLocalPose>1 0 0  0 1 0  0 0 1  0.000000048 0 -0.000000076</massLocalPose>
            <massSpaceInertia>6.060873508 4.137049198 1.95728898</massSpaceInertia>
            <mass>2.970239878</mass>
            <wakeUpCounter>0</wakeUpCounter>
            <maxAngularVelocity>7</maxAngularVelocity>
            <NxBodyFlag id="flags">
              <NX_BF_DISABLE_GRAVITY>false</NX_BF_DISABLE_GRAVITY>
              <NX_BF_FROZEN_POS_X>false</NX_BF_FROZEN_POS_X>
              <NX_BF_FROZEN_POS_Y>false</NX_BF_FROZEN_POS_Y>
              <NX_BF_FROZEN_POS_Z>false</NX_BF_FROZEN_POS_Z>
              <NX_BF_FROZEN_ROT_X>false</NX_BF_FROZEN_ROT_X>
              <NX_BF_FROZEN_ROT_Y>false</NX_BF_FROZEN_ROT_Y>
              <NX_BF_FROZEN_ROT_Z>false</NX_BF_FROZEN_ROT_Z>
              <NX_BF_KINEMATIC>true</NX_BF_KINEMATIC>
              <NX_BF_VISUALIZATION>true</NX_BF_VISUALIZATION>
              <NX_BF_POSE_SLEEP_TEST>false</NX_BF_POSE_SLEEP_TEST>
              <NX_BF_FILTER_SLEEP_VEL>false</NX_BF_FILTER_SLEEP_VEL>
              <NX_BF_ENERGY_SLEEP_TEST>true</NX_BF_ENERGY_SLEEP_TEST>
            </NxBodyFlag>
            <sleepLinearVelocity>0.150000006</sleepLinearVelocity>
            <sleepAngularVelocity>0.140000001</sleepAngularVelocity>
          </NxBodyDesc>
          <group>2</group>
          <NxBoxShapeDesc dimensions="0.129999995 1.399999976 2.039999962">
            <NxShapeDesc>
              <localPose>1 0 0  0 1 0  0 0 1  0.000000048 0 -0.000000076</localPose>
              <group>2</group>
              <materialIndex>14</materialIndex>
              <skinWidth>0.025</skinWidth>
              <NxGroupsMask id="groupsMask"/>
            </NxShapeDesc>
          </NxBoxShapeDesc>
        </NxActorDesc>
        <NxActorDesc id="Actor_5" userProperties="_castType_2_objType_1_objIndex_8" hasBody="true" name="testActorName">
          <globalPose>-1 0 -0.000000087  0 1 0  0.000000087 0 -1  25.170000076 0.100000024 13.769999504</globalPose>
          <NxBodyDesc id="body">
            <massLocalPose>1 0 0  0 1 0  0 0 1  0.000000054 1.639999986 0.680000007</massLocalPose>
            <massSpaceInertia>1.290774584 0.193369985 1.10145998</massSpaceInertia>
            <mass>1.24140799</mass>
            <maxAngularVelocity>7</maxAngularVelocity>
            <NxBodyFlag id="flags">
              <NX_BF_DISABLE_GRAVITY>false</NX_BF_DISABLE_GRAVITY>
              <NX_BF_FROZEN_POS_X>false</NX_BF_FROZEN_POS_X>
              <NX_BF_FROZEN_POS_Y>false</NX_BF_FROZEN_POS_Y>
              <NX_BF_FROZEN_POS_Z>false</NX_BF_FROZEN_POS_Z>
              <NX_BF_FROZEN_ROT_X>false</NX_BF_FROZEN_ROT_X>
              <NX_BF_FROZEN_ROT_Y>false</NX_BF_FROZEN_ROT_Y>
              <NX_BF_FROZEN_ROT_Z>false</NX_BF_FROZEN_ROT_Z>
              <NX_BF_KINEMATIC>true</NX_BF_KINEMATIC>
              <NX_BF_VISUALIZATION>true</NX_BF_VISUALIZATION>
              <NX_BF_POSE_SLEEP_TEST>false</NX_BF_POSE_SLEEP_TEST>
              <NX_BF_FILTER_SLEEP_VEL>false</NX_BF_FILTER_SLEEP_VEL>
              <NX_BF_ENERGY_SLEEP_TEST>true</NX_BF_ENERGY_SLEEP_TEST>
            </NxBodyFlag>
            <sleepLinearVelocity>0.150000006</sleepLinearVelocity>
            <sleepAngularVelocity>0.140000001</sleepAngularVelocity>
          </NxBodyDesc>
          <group>2</group>
          <NxBoxShapeDesc dimensions="0.07 1.629999995 0.680000007">
            <NxShapeDesc>
              <localPose>1 0 -0  0 1 0  0 0 1  -0.000000059 1.639999986 0.679999352</localPose>
              <group>2</group>
              <skinWidth>0.025</skinWidth>
              <NxGroupsMask id="groupsMask"/>
            </NxShapeDesc>
          </NxBoxShapeDesc>
          <NxBoxShapeDesc dimensions="0.07 1.629999995 0.680000007">
            <NxShapeDesc>
              <localPose>1 0 -0  0 1 0  0 0 1  -0.000000059 1.639999986 0.679999352</localPose>
              <NxShapeFlag id="shapeFlags">
                <NX_TRIGGER_ON_ENTER>true</NX_TRIGGER_ON_ENTER>
                <NX_TRIGGER_ON_LEAVE>true</NX_TRIGGER_ON_LEAVE>
                <NX_TRIGGER_ON_STAY>true</NX_TRIGGER_ON_STAY>
                <NX_SF_VISUALIZATION>true</NX_SF_VISUALIZATION>
                <NX_SF_DISABLE_COLLISION>false</NX_SF_DISABLE_COLLISION>
                <NX_SF_FEATURE_INDICES>false</NX_SF_FEATURE_INDICES>
                <NX_SF_DISABLE_RAYCASTING>false</NX_SF_DISABLE_RAYCASTING>
                <NX_SF_POINT_CONTACT_FORCE>false</NX_SF_POINT_CONTACT_FORCE>
                <NX_SF_FLUID_DRAIN>false</NX_SF_FLUID_DRAIN>
                <NX_SF_FLUID_DISABLE_COLLISION>false</NX_SF_FLUID_DISABLE_COLLISION>
                <NX_SF_FLUID_TWOWAY>false</NX_SF_FLUID_TWOWAY>
                <NX_SF_DISABLE_RESPONSE>false</NX_SF_DISABLE_RESPONSE>
                <NX_SF_DYNAMIC_DYNAMIC_CCD>false</NX_SF_DYNAMIC_DYNAMIC_CCD>
                <NX_SF_DISABLE_SCENE_QUERIES>false</NX_SF_DISABLE_SCENE_QUERIES>
                <NX_SF_CLOTH_DRAIN>false</NX_SF_CLOTH_DRAIN>
                <NX_SF_CLOTH_DISABLE_COLLISION>false</NX_SF_CLOTH_DISABLE_COLLISION>
                <NX_SF_CLOTH_TWOWAY>false</NX_SF_CLOTH_TWOWAY>
                <NX_SF_SOFTBODY_DRAIN>false</NX_SF_SOFTBODY_DRAIN>
                <NX_SF_SOFTBODY_DISABLE_COLLISION>false</NX_SF_SOFTBODY_DISABLE_COLLISION>
                <NX_SF_SOFTBODY_TWOWAY>false</NX_SF_SOFTBODY_TWOWAY>
              </NxShapeFlag>
              <group>2</group>
              <skinWidth>0.025</skinWidth>
              <NxGroupsMask id="groupsMask"/>
            </NxShapeDesc>
          </NxBoxShapeDesc>
        </NxActorDesc>
        <NxActorDesc id="Actor_6" userProperties="_castType_2_objType_1_objIndex_9" hasBody="true" name="testActorName">
          <globalPose>0.49999994 -0.860336781 0.099098921  0.00000003 0.114429593 0.993431389  -0.866025448 -0.496715605 0.057214797  7.155655861 0.210754618 1.887333274</globalPose>
          <NxBodyDesc id="body">
            <massLocalPose>0.899572194 0.010934653 -0.436635286  -0.00765525 0.999927759 0.00926955  0.436705083 -0.004996078 0.89959085  0.004641801 -0.018626403 0.00049733</massLocalPose>
            <massSpaceInertia>0.924120307 0.670492291 0.883779705</massSpaceInertia>
            <mass>20</mass>
            <wakeUpCounter>0</wakeUpCounter>
            <maxAngularVelocity>7</maxAngularVelocity>
            <sleepLinearVelocity>0.150000006</sleepLinearVelocity>
            <sleepAngularVelocity>0.140000001</sleepAngularVelocity>
          </NxBodyDesc>
          <group>2</group>
          <NxBoxShapeDesc dimensions="0.089999996 0.280000001 0.07">
            <NxShapeDesc>
              <localPose>0.838670492 0.075799122 -0.539338768  0.000000007 0.990268052 0.139173105  0.54463917 -0.116720386 0.830508649  0.099999994 0 -0.149999991</localPose>
              <group>2</group>
              <materialIndex>19</materialIndex>
              <skinWidth>0.025</skinWidth>
              <NxGroupsMask id="groupsMask"/>
            </NxShapeDesc>
          </NxBoxShapeDesc>
          <NxBoxShapeDesc dimensions="0.099999994 0.280000001 0.07">
            <NxShapeDesc>
              <localPose>0.034898978 0.139088362 0.989664972  0.000000015 0.990268111 -0.13917315  -0.999391019 0.004857041 0.034559369  0.170000002 0 0</localPose>
              <group>2</group>
              <materialIndex>19</materialIndex>
              <skinWidth>0.025</skinWidth>
              <NxGroupsMask id="groupsMask"/>
            </NxShapeDesc>
          </NxBoxShapeDesc>
          <NxBoxShapeDesc dimensions="0.089999996 0.280000001 0.07">
            <NxShapeDesc>
              <localPose>0.838670492 -0.075799122 -0.539338768  -0.000000007 0.990268052 -0.139173105  0.54463917 0.116720386 0.830508649  -0.089999996 0 0.159999982</localPose>
              <group>2</group>
              <materialIndex>19</materialIndex>
              <skinWidth>0.025</skinWidth>
              <NxGroupsMask id="groupsMask"/>
            </NxShapeDesc>
          </NxBoxShapeDesc>
          <NxBoxShapeDesc dimensions="0.089999996 0.280000001 0.07">
            <NxShapeDesc>
              <localPose>0.034898978 -0.139088362 0.989664972  -0.000000015 0.990268111 0.13917315  -0.999391019 -0.004857041 0.034559369  -0.170000002 0 0</localPose>
              <group>2</group>
              <materialIndex>19</materialIndex>
              <skinWidth>0.025</skinWidth>
              <NxGroupsMask id="groupsMask"/>
            </NxShapeDesc>
          </NxBoxShapeDesc>
          <NxBoxShapeDesc dimensions="0.099999994 0.280000001 0.07">
            <NxShapeDesc>
              <localPose>0.874619663 -0.067472458 0.480091542  -0.000000004 0.990268052 0.13917309  -0.484809667 -0.121723525 0.866107941  -0.07 0 -0.149999991</localPose>
              <group>2</group>
              <materialIndex>19</materialIndex>
              <skinWidth>0.025</skinWidth>
              <NxGroupsMask id="groupsMask"/>
            </NxShapeDesc>
          </NxBoxShapeDesc>
          <NxBoxShapeDesc dimensions="0.089999996 0.280000001 0.07">
            <NxShapeDesc>
              <localPose>0.857167363 0.071679428 0.51002574  -0.000000007 0.990268111 -0.13917309  -0.515038013 0.119294621 0.848825455  0.079999998 0 0.159999982</localPose>
              <group>2</group>
              <materialIndex>19</materialIndex>
              <skinWidth>0.025</skinWidth>
              <NxGroupsMask id="groupsMask"/>
            </NxShapeDesc>
          </NxBoxShapeDesc>
          <NxBoxShapeDesc dimensions="0.109999999 0.07 0.109999985">
            <NxShapeDesc>
              <localPose>1 0 0  0 1 0  0 0 1  0 -0.25999999 0</localPose>
              <group>2</group>
              <materialIndex>19</materialIndex>
              <skinWidth>0.025</skinWidth>
              <NxGroupsMask id="groupsMask"/>
            </NxShapeDesc>
          </NxBoxShapeDesc>
          <dominanceGroup>2</dominanceGroup>
        </NxActorDesc>
        <NxActorDesc id="Actor_7" userProperties="_castType_2_objType_1_objIndex_11" hasBody="true" name="testActorName">
          <globalPose>-1 0 -0.000000087  0 1 0  0.000000087 0 -1  -6.179999828 0.100000024 1.289999962</globalPose>
          <NxBodyDesc id="body">
            <massLocalPose>1 0 0  0 1 0  0 0 1  0.000000054 1.639999986 0.680000007</massLocalPose>
            <massSpaceInertia>1.290774584 0.193369985 1.10145998</massSpaceInertia>
            <mass>1.24140799</mass>
            <maxAngularVelocity>7</maxAngularVelocity>
            <NxBodyFlag id="flags">
              <NX_BF_DISABLE_GRAVITY>false</NX_BF_DISABLE_GRAVITY>
              <NX_BF_FROZEN_POS_X>false</NX_BF_FROZEN_POS_X>
              <NX_BF_FROZEN_POS_Y>false</NX_BF_FROZEN_POS_Y>
              <NX_BF_FROZEN_POS_Z>false</NX_BF_FROZEN_POS_Z>
              <NX_BF_FROZEN_ROT_X>false</NX_BF_FROZEN_ROT_X>
              <NX_BF_FROZEN_ROT_Y>false</NX_BF_FROZEN_ROT_Y>
              <NX_BF_FROZEN_ROT_Z>false</NX_BF_FROZEN_ROT_Z>
              <NX_BF_KINEMATIC>true</NX_BF_KINEMATIC>
              <NX_BF_VISUALIZATION>true</NX_BF_VISUALIZATION>
              <NX_BF_POSE_SLEEP_TEST>false</NX_BF_POSE_SLEEP_TEST>
              <NX_BF_FILTER_SLEEP_VEL>false</NX_BF_FILTER_SLEEP_VEL>
              <NX_BF_ENERGY_SLEEP_TEST>true</NX_BF_ENERGY_SLEEP_TEST>
            </NxBodyFlag>
            <sleepLinearVelocity>0.150000006</sleepLinearVelocity>
            <sleepAngularVelocity>0.140000001</sleepAngularVelocity>
          </NxBodyDesc>
          <group>2</group>
          <NxBoxShapeDesc dimensions="0.07 1.629999995 0.680000007">
            <NxShapeDesc>
              <localPose>1 0 -0  0 1 0  0 0 1  -0.000000059 1.639999986 0.679999948</localPose>
              <group>2</group>
              <skinWidth>0.025</skinWidth>
              <NxGroupsMask id="groupsMask"/>
            </NxShapeDesc>
          </NxBoxShapeDesc>
          <NxBoxShapeDesc dimensions="0.07 1.629999995 0.680000007">
            <NxShapeDesc>
              <localPose>1 0 -0  0 1 0  0 0 1  -0.000000059 1.639999986 0.679999948</localPose>
              <NxShapeFlag id="shapeFlags">
                <NX_TRIGGER_ON_ENTER>true</NX_TRIGGER_ON_ENTER>
                <NX_TRIGGER_ON_LEAVE>true</NX_TRIGGER_ON_LEAVE>
                <NX_TRIGGER_ON_STAY>true</NX_TRIGGER_ON_STAY>
                <NX_SF_VISUALIZATION>true</NX_SF_VISUALIZATION>
                <NX_SF_DISABLE_COLLISION>false</NX_SF_DISABLE_COLLISION>
                <NX_SF_FEATURE_INDICES>false</NX_SF_FEATURE_INDICES>
                <NX_SF_DISABLE_RAYCASTING>false</NX_SF_DISABLE_RAYCASTING>
                <NX_SF_POINT_CONTACT_FORCE>false</NX_SF_POINT_CONTACT_FORCE>
                <NX_SF_FLUID_DRAIN>false</NX_SF_FLUID_DRAIN>
                <NX_SF_FLUID_DISABLE_COLLISION>false</NX_SF_FLUID_DISABLE_COLLISION>
                <NX_SF_FLUID_TWOWAY>false</NX_SF_FLUID_TWOWAY>
                <NX_SF_DISABLE_RESPONSE>false</NX_SF_DISABLE_RESPONSE>
                <NX_SF_DYNAMIC_DYNAMIC_CCD>false</NX_SF_DYNAMIC_DYNAMIC_CCD>
                <NX_SF_DISABLE_SCENE_QUERIES>false</NX_SF_DISABLE_SCENE_QUERIES>
                <NX_SF_CLOTH_DRAIN>false</NX_SF_CLOTH_DRAIN>
                <NX_SF_CLOTH_DISABLE_COLLISION>false</NX_SF_CLOTH_DISABLE_COLLISION>
                <NX_SF_CLOTH_TWOWAY>false</NX_SF_CLOTH_TWOWAY>
                <NX_SF_SOFTBODY_DRAIN>false</NX_SF_SOFTBODY_DRAIN>
                <NX_SF_SOFTBODY_DISABLE_COLLISION>false</NX_SF_SOFTBODY_DISABLE_COLLISION>
                <NX_SF_SOFTBODY_TWOWAY>false</NX_SF_SOFTBODY_TWOWAY>
              </NxShapeFlag>
              <group>2</group>
              <skinWidth>0.025</skinWidth>
              <NxGroupsMask id="groupsMask"/>
            </NxShapeDesc>
          </NxBoxShapeDesc>
        </NxActorDesc>
        <NxActorDesc id="Actor_8" userProperties="_castType_2_objType_1_objIndex_12" hasBody="true" name="testActorName">
          <globalPose>0.000000536 0 0.999999881  -0.000000044 1 0  -0.999999881 -0.000000044 0.000000536  -7.949999809 0.089999996 4.309999943</globalPose>
          <NxBodyDesc id="body">
            <massLocalPose>1 0 0  0 1 0  0 0 1  0.48999998 1.49000001 -0.02</massLocalPose>
            <massSpaceInertia>18.79083252 2.124167204 20.833333969</massSpaceInertia>
            <mass>25</mass>
            <wakeUpCounter>0</wakeUpCounter>
            <maxAngularVelocity>7</maxAngularVelocity>
            <NxBodyFlag id="flags">
              <NX_BF_DISABLE_GRAVITY>false</NX_BF_DISABLE_GRAVITY>
              <NX_BF_FROZEN_POS_X>false</NX_BF_FROZEN_POS_X>
              <NX_BF_FROZEN_POS_Y>false</NX_BF_FROZEN_POS_Y>
              <NX_BF_FROZEN_POS_Z>false</NX_BF_FROZEN_POS_Z>
              <NX_BF_FROZEN_ROT_X>false</NX_BF_FROZEN_ROT_X>
              <NX_BF_FROZEN_ROT_Y>false</NX_BF_FROZEN_ROT_Y>
              <NX_BF_FROZEN_ROT_Z>false</NX_BF_FROZEN_ROT_Z>
              <NX_BF_KINEMATIC>true</NX_BF_KINEMATIC>
              <NX_BF_VISUALIZATION>true</NX_BF_VISUALIZATION>
              <NX_BF_POSE_SLEEP_TEST>false</NX_BF_POSE_SLEEP_TEST>
              <NX_BF_FILTER_SLEEP_VEL>false</NX_BF_FILTER_SLEEP_VEL>
              <NX_BF_ENERGY_SLEEP_TEST>true</NX_BF_ENERGY_SLEEP_TEST>
            </NxBodyFlag>
            <sleepLinearVelocity>0.150000006</sleepLinearVelocity>
            <sleepAngularVelocity>0.140000001</sleepAngularVelocity>
          </NxBodyDesc>
          <group>2</group>
          <NxBoxShapeDesc dimensions="0.5 1.5 0.07">
            <NxShapeDesc>
              <localPose>1 0 0  0 1 0  0 0 1  0.48999998 1.49000001 -0.02</localPose>
              <group>2</group>
              <materialIndex>14</materialIndex>
              <skinWidth>0.025</skinWidth>
              <NxGroupsMask id="groupsMask"/>
            </NxShapeDesc>
          </NxBoxShapeDesc>
        </NxActorDesc>
        <NxActorDesc id="Actor_9" userProperties="_castType_2_objType_1_objIndex_14" hasBody="true" name="testActorName">
          <globalPose>0.0177598 -0.725934207 0.687534809  0.999437392 0.032456279 0.008452326  -0.028450698 0.68699789 0.726102233  22.236244202 -3.103391886 -6.067792416</globalPose>
          <NxBodyDesc id="body">
            <massLocalPose>0.760951996 -0.648804307 0.00226425  0.64880693 0.760952771 -0.000662019  -0.001293467 0.001972825 0.999997199  -0.101822041 -0.002237483 0.00025188</massLocalPose>
            <massSpaceInertia>9.330965042 4.754269123 8.236413956</massSpaceInertia>
            <mass>45</mass>
            <wakeUpCounter>0</wakeUpCounter>
            <maxAngularVelocity>7</maxAngularVelocity>
            <sleepLinearVelocity>0.150000006</sleepLinearVelocity>
            <sleepAngularVelocity>0.140000001</sleepAngularVelocity>
          </NxBodyDesc>
          <group>2</group>
          <NxBoxShapeDesc dimensions="0.329999924 0.07 0.349999905">
            <NxShapeDesc>
              <localPose>0.997564077 -0.069756471 0  0.069756471 0.997564077 0  0 0 1  0.04999999 -0.079999991 0</localPose>
              <group>2</group>
              <materialIndex>19</materialIndex>
              <skinWidth>0.025</skinWidth>
              <NxGroupsMask id="groupsMask"/>
            </NxShapeDesc>
          </NxBoxShapeDesc>
          <NxBoxShapeDesc dimensions="0.07 0.289999962 0.07">
            <NxShapeDesc>
              <localPose>0.970295727 0.241921887 0  -0.241921887 0.970295727 0  0 0 1  -0.299999923 -0.369999945 0.339999914</localPose>
              <group>2</group>
              <materialIndex>14</materialIndex>
              <skinWidth>0.025</skinWidth>
              <NxGroupsMask id="groupsMask"/>
            </NxShapeDesc>
          </NxBoxShapeDesc>
          <NxBoxShapeDesc dimensions="0.07 0.289999962 0.07">
            <NxShapeDesc>
              <localPose>0.970295727 0.241921887 0  -0.241921887 0.970295727 0  0 0 1  -0.299999923 -0.369999945 -0.339999914</localPose>
              <group>2</group>
              <materialIndex>14</materialIndex>
              <skinWidth>0.025</skinWidth>
              <NxGroupsMask id="groupsMask"/>
            </NxShapeDesc>
          </NxBoxShapeDesc>
          <NxBoxShapeDesc dimensions="0.07 0.289999962 0.07">
            <NxShapeDesc>
              <localPose>0.98480773 -0.173648179 0  0.173648179 0.98480773 0  0 0 1  0.369999915 -0.349999964 0.339999914</localPose>
              <group>2</group>
              <materialIndex>14</materialIndex>
              <skinWidth>0.025</skinWidth>
              <NxGroupsMask id="groupsMask"/>
            </NxShapeDesc>
          </NxBoxShapeDesc>
          <NxBoxShapeDesc dimensions="0.07 0.289999962 0.07">
            <NxShapeDesc>
              <localPose>0.98480773 -0.173648179 0  0.173648179 0.98480773 0  0 0 1  0.369999915 -0.349999964 -0.339999914</localPose>
              <group>2</group>
              <materialIndex>14</materialIndex>
              <skinWidth>0.025</skinWidth>
              <NxGroupsMask id="groupsMask"/>
            </NxShapeDesc>
          </NxBoxShapeDesc>
          <NxBoxShapeDesc dimensions="0.07 0.279999971 0.07">
            <NxShapeDesc>
              <localPose>0.98480773 -0.173648179 0  0.173648179 0.98480773 0  0 0 1  -0.339999914 0.199999973 0.299999923</localPose>
              <group>2</group>
              <materialIndex>14</materialIndex>
              <skinWidth>0.025</skinWidth>
              <NxGroupsMask id="groupsMask"/>
            </NxShapeDesc>
          </NxBoxShapeDesc>
          <NxBoxShapeDesc dimensions="0.07 0.279999971 0.07">
            <NxShapeDesc>
              <localPose>0.98480773 -0.173648179 0  0.173648179 0.98480773 0  0 0 1  -0.339999914 0.199999973 -0.299999923</localPose>
              <group>2</group>
              <materialIndex>14</materialIndex>
              <skinWidth>0.025</skinWidth>
              <NxGroupsMask id="groupsMask"/>
            </NxShapeDesc>
          </NxBoxShapeDesc>
          <NxBoxShapeDesc dimensions="0.07 0.159999982 0.07">
            <NxShapeDesc>
              <localPose>1 0 0  0 0.000000179 -0.999999881  0 0.999999881 0.000000179  -0.419999868 0.619999945 0</localPose>
              <group>2</group>
              <materialIndex>14</materialIndex>
              <skinWidth>0.025</skinWidth>
              <NxGroupsMask id="groupsMask"/>
            </NxShapeDesc>
          </NxBoxShapeDesc>
          <NxBoxShapeDesc dimensions="0.07 0.109999985 0.07">
            <NxShapeDesc>
              <localPose>0.994521916 -0.104528472 0  0.075191483 0.715399146 0.694658399  -0.072611585 -0.690853 0.719339788  -0.399999917 0.539999962 0.23999995</localPose>
              <group>2</group>
              <materialIndex>14</materialIndex>
              <skinWidth>0.025</skinWidth>
              <NxGroupsMask id="groupsMask"/>
            </NxShapeDesc>
          </NxBoxShapeDesc>
          <NxBoxShapeDesc dimensions="0.07 0.109999985 0.07">
            <NxShapeDesc>
              <localPose>0.994521916 -0.104528472 0  0.075191483 0.715399146 -0.694658399  0.072611585 0.690853 0.719339788  -0.399999917 0.539999962 -0.229999959</localPose>
              <group>2</group>
              <materialIndex>14</materialIndex>
              <skinWidth>0.025</skinWidth>
              <NxGroupsMask id="groupsMask"/>
            </NxShapeDesc>
          </NxBoxShapeDesc>
          <NxBoxShapeDesc dimensions="0.07 0.159999982 0.269999951">
            <NxShapeDesc>
              <localPose>0.98480773 -0.173648179 0  0.173648179 0.98480773 0  0 0 1  -0.359999925 0.339999944 0</localPose>
              <group>2</group>
              <materialIndex>19</materialIndex>
              <skinWidth>0.025</skinWidth>
              <NxGroupsMask id="groupsMask"/>
            </NxShapeDesc>
          </NxBoxShapeDesc>
          <dominanceGroup>2</dominanceGroup>
        </NxActorDesc>
        <NxActorDesc id="Actor_10" userProperties="_castType_2_objType_1_objIndex_15" hasBody="true" name="testActorName">
          <globalPose>-1 0 -0.000000087  0 1 0  0.000000087 0 -1  45.159999847 0.070000052 -29.799999237</globalPose>
          <NxBodyDesc id="body">
            <massLocalPose>1 0 0  0 1 0  0 0 1  0.000000054 1.639999986 0.680000007</massLocalPose>
            <massSpaceInertia>1.290774584 0.193369985 1.10145998</massSpaceInertia>
            <mass>1.24140799</mass>
            <maxAngularVelocity>7</maxAngularVelocity>
            <NxBodyFlag id="flags">
              <NX_BF_DISABLE_GRAVITY>false</NX_BF_DISABLE_GRAVITY>
              <NX_BF_FROZEN_POS_X>false</NX_BF_FROZEN_POS_X>
              <NX_BF_FROZEN_POS_Y>false</NX_BF_FROZEN_POS_Y>
              <NX_BF_FROZEN_POS_Z>false</NX_BF_FROZEN_POS_Z>
              <NX_BF_FROZEN_ROT_X>false</NX_BF_FROZEN_ROT_X>
              <NX_BF_FROZEN_ROT_Y>false</NX_BF_FROZEN_ROT_Y>
              <NX_BF_FROZEN_ROT_Z>false</NX_BF_FROZEN_ROT_Z>
              <NX_BF_KINEMATIC>true</NX_BF_KINEMATIC>
              <NX_BF_VISUALIZATION>true</NX_BF_VISUALIZATION>
              <NX_BF_POSE_SLEEP_TEST>false</NX_BF_POSE_SLEEP_TEST>
              <NX_BF_FILTER_SLEEP_VEL>false</NX_BF_FILTER_SLEEP_VEL>
              <NX_BF_ENERGY_SLEEP_TEST>true</NX_BF_ENERGY_SLEEP_TEST>
            </NxBodyFlag>
            <sleepLinearVelocity>0.150000006</sleepLinearVelocity>
            <sleepAngularVelocity>0.140000001</sleepAngularVelocity>
          </NxBodyDesc>
          <group>2</group>
          <NxBoxShapeDesc dimensions="0.07 1.629999995 0.680000007">
            <NxShapeDesc>
              <localPose>1 0 -0  0 1 0  0 0 1  -0.000000059 1.639999866 0.680000305</localPose>
